/*--------------------------------*- C++ -*----------------------------------*\
  =========                 |
  \\      /  F ield         | OpenFOAM: The Open Source CFD Toolbox
   \\    /   O peration     | Website:  https://openfoam.org
    \\  /    A nd           | Version:  7
     \\/     M anipulation  |
\*---------------------------------------------------------------------------*/
FoamFile
{
    version     2.0;
    format      ascii;
    class       volScalarField;
    location    "6825600000";
    object      p;
}
// * * * * * * * * * * * * * * * * * * * * * * * * * * * * * * * * * * * * * //

dimensions      [1 -1 -2 0 0 0 0];

internalField   nonuniform List<scalar> 
5000
(
2.94089e+07
2.94088e+07
2.94085e+07
2.9408e+07
2.94074e+07
2.94066e+07
2.94057e+07
2.94046e+07
2.94033e+07
2.94019e+07
2.94003e+07
2.93985e+07
2.93966e+07
2.93944e+07
2.93921e+07
2.93895e+07
2.93867e+07
2.93837e+07
2.93805e+07
2.9377e+07
2.93732e+07
2.93691e+07
2.93647e+07
2.93599e+07
2.93548e+07
2.93493e+07
2.93434e+07
2.9337e+07
2.93301e+07
2.93228e+07
2.93149e+07
2.93065e+07
2.92975e+07
2.9288e+07
2.92778e+07
2.9267e+07
2.92555e+07
2.92432e+07
2.923e+07
2.92157e+07
2.92001e+07
2.91831e+07
2.9164e+07
2.91454e+07
2.91238e+07
2.90954e+07
2.90682e+07
2.90413e+07
2.90136e+07
2.89838e+07
2.90143e+07
2.90501e+07
2.90695e+07
2.90766e+07
2.90944e+07
2.91249e+07
2.91505e+07
2.91684e+07
2.91852e+07
2.92029e+07
2.92182e+07
2.92326e+07
2.9246e+07
2.92585e+07
2.92703e+07
2.92814e+07
2.92918e+07
2.93016e+07
2.93107e+07
2.93193e+07
2.93273e+07
2.93347e+07
2.93417e+07
2.93481e+07
2.93541e+07
2.93597e+07
2.93649e+07
2.93697e+07
2.93741e+07
2.93783e+07
2.93821e+07
2.93856e+07
2.93889e+07
2.93919e+07
2.93947e+07
2.93973e+07
2.93996e+07
2.94018e+07
2.94038e+07
2.94055e+07
2.94071e+07
2.94086e+07
2.94098e+07
2.94109e+07
2.94119e+07
2.94126e+07
2.94133e+07
2.94137e+07
2.9414e+07
2.94142e+07
2.92457e+07
2.92455e+07
2.92452e+07
2.92448e+07
2.92441e+07
2.92434e+07
2.92424e+07
2.92413e+07
2.924e+07
2.92386e+07
2.9237e+07
2.92352e+07
2.92332e+07
2.9231e+07
2.92286e+07
2.92261e+07
2.92233e+07
2.92203e+07
2.92171e+07
2.92136e+07
2.92099e+07
2.92059e+07
2.92017e+07
2.91971e+07
2.91923e+07
2.91872e+07
2.91817e+07
2.91759e+07
2.91698e+07
2.91633e+07
2.91564e+07
2.91492e+07
2.91416e+07
2.91336e+07
2.91252e+07
2.91163e+07
2.91068e+07
2.90967e+07
2.90858e+07
2.90741e+07
2.90616e+07
2.90484e+07
2.90353e+07
2.90198e+07
2.90046e+07
2.89921e+07
2.89748e+07
2.89542e+07
2.89316e+07
2.89006e+07
2.89164e+07
2.89309e+07
2.89512e+07
2.89774e+07
2.89956e+07
2.90078e+07
2.90219e+07
2.90393e+07
2.9054e+07
2.90659e+07
2.90782e+07
2.90895e+07
2.91002e+07
2.91103e+07
2.91198e+07
2.91288e+07
2.91374e+07
2.91456e+07
2.91534e+07
2.91607e+07
2.91677e+07
2.91743e+07
2.91806e+07
2.91864e+07
2.9192e+07
2.91972e+07
2.92021e+07
2.92067e+07
2.9211e+07
2.9215e+07
2.92187e+07
2.92222e+07
2.92255e+07
2.92285e+07
2.92313e+07
2.92338e+07
2.92362e+07
2.92384e+07
2.92404e+07
2.92422e+07
2.92438e+07
2.92453e+07
2.92465e+07
2.92477e+07
2.92486e+07
2.92494e+07
2.925e+07
2.92505e+07
2.92508e+07
2.9251e+07
2.90705e+07
2.90703e+07
2.907e+07
2.90695e+07
2.90689e+07
2.90681e+07
2.90671e+07
2.9066e+07
2.90647e+07
2.90632e+07
2.90616e+07
2.90597e+07
2.90577e+07
2.90555e+07
2.90531e+07
2.90505e+07
2.90477e+07
2.90446e+07
2.90414e+07
2.90379e+07
2.90341e+07
2.90301e+07
2.90259e+07
2.90214e+07
2.90166e+07
2.90115e+07
2.90061e+07
2.90005e+07
2.89945e+07
2.89882e+07
2.89816e+07
2.89746e+07
2.89673e+07
2.89595e+07
2.89513e+07
2.89426e+07
2.89334e+07
2.89235e+07
2.8913e+07
2.89021e+07
2.88909e+07
2.88795e+07
2.88681e+07
2.8856e+07
2.88445e+07
2.88334e+07
2.88192e+07
2.88031e+07
2.87865e+07
2.87692e+07
2.8769e+07
2.87784e+07
2.87949e+07
2.88168e+07
2.8836e+07
2.8847e+07
2.88567e+07
2.88702e+07
2.88834e+07
2.8895e+07
2.89064e+07
2.89173e+07
2.89276e+07
2.89373e+07
2.89465e+07
2.89552e+07
2.89635e+07
2.89713e+07
2.89788e+07
2.89859e+07
2.89926e+07
2.8999e+07
2.90051e+07
2.90108e+07
2.90163e+07
2.90214e+07
2.90263e+07
2.90309e+07
2.90352e+07
2.90392e+07
2.9043e+07
2.90465e+07
2.90498e+07
2.90528e+07
2.90557e+07
2.90583e+07
2.90607e+07
2.90629e+07
2.9065e+07
2.90668e+07
2.90684e+07
2.90699e+07
2.90712e+07
2.90724e+07
2.90733e+07
2.90741e+07
2.90748e+07
2.90752e+07
2.90756e+07
2.90757e+07
2.88868e+07
2.88866e+07
2.88863e+07
2.88858e+07
2.88852e+07
2.88844e+07
2.88834e+07
2.88823e+07
2.8881e+07
2.88795e+07
2.88778e+07
2.88759e+07
2.88739e+07
2.88717e+07
2.88692e+07
2.88666e+07
2.88637e+07
2.88607e+07
2.88574e+07
2.88538e+07
2.88501e+07
2.8846e+07
2.88418e+07
2.88372e+07
2.88324e+07
2.88274e+07
2.8822e+07
2.88164e+07
2.88104e+07
2.88042e+07
2.87976e+07
2.87907e+07
2.87834e+07
2.87756e+07
2.87675e+07
2.87589e+07
2.87498e+07
2.87405e+07
2.8731e+07
2.87216e+07
2.87123e+07
2.87032e+07
2.86941e+07
2.86849e+07
2.86754e+07
2.86652e+07
2.86533e+07
2.86404e+07
2.86281e+07
2.86199e+07
2.8612e+07
2.86169e+07
2.86284e+07
2.86442e+07
2.86598e+07
2.86715e+07
2.86811e+07
2.86922e+07
2.87034e+07
2.8714e+07
2.87245e+07
2.87346e+07
2.87444e+07
2.87539e+07
2.87629e+07
2.87715e+07
2.87797e+07
2.87875e+07
2.87949e+07
2.88019e+07
2.88086e+07
2.8815e+07
2.8821e+07
2.88267e+07
2.88321e+07
2.88373e+07
2.88421e+07
2.88467e+07
2.8851e+07
2.88551e+07
2.88589e+07
2.88625e+07
2.88658e+07
2.88689e+07
2.88717e+07
2.88744e+07
2.88769e+07
2.88791e+07
2.88812e+07
2.8883e+07
2.88847e+07
2.88862e+07
2.88875e+07
2.88887e+07
2.88896e+07
2.88905e+07
2.88911e+07
2.88916e+07
2.88919e+07
2.88921e+07
2.86976e+07
2.86975e+07
2.86972e+07
2.86967e+07
2.8696e+07
2.86952e+07
2.86942e+07
2.86931e+07
2.86918e+07
2.86903e+07
2.86886e+07
2.86867e+07
2.86847e+07
2.86825e+07
2.868e+07
2.86774e+07
2.86745e+07
2.86714e+07
2.86682e+07
2.86646e+07
2.86609e+07
2.86569e+07
2.86526e+07
2.86482e+07
2.86434e+07
2.86384e+07
2.86331e+07
2.86275e+07
2.86217e+07
2.86155e+07
2.8609e+07
2.86022e+07
2.85949e+07
2.85874e+07
2.85794e+07
2.85712e+07
2.85628e+07
2.85545e+07
2.85466e+07
2.85391e+07
2.8532e+07
2.85252e+07
2.85183e+07
2.85111e+07
2.8503e+07
2.84938e+07
2.84835e+07
2.84729e+07
2.84633e+07
2.84586e+07
2.84503e+07
2.84509e+07
2.84583e+07
2.84694e+07
2.84814e+07
2.84923e+07
2.8502e+07
2.85117e+07
2.85212e+07
2.85305e+07
2.85396e+07
2.85487e+07
2.85577e+07
2.85665e+07
2.85752e+07
2.85836e+07
2.85916e+07
2.85992e+07
2.86065e+07
2.86134e+07
2.862e+07
2.86262e+07
2.86322e+07
2.86378e+07
2.86432e+07
2.86483e+07
2.86531e+07
2.86576e+07
2.86619e+07
2.86659e+07
2.86697e+07
2.86733e+07
2.86766e+07
2.86797e+07
2.86825e+07
2.86852e+07
2.86877e+07
2.86899e+07
2.8692e+07
2.86938e+07
2.86955e+07
2.8697e+07
2.86983e+07
2.86995e+07
2.87005e+07
2.87013e+07
2.87019e+07
2.87024e+07
2.87027e+07
2.87029e+07
2.85052e+07
2.85051e+07
2.85048e+07
2.85043e+07
2.85037e+07
2.85029e+07
2.85019e+07
2.85008e+07
2.84995e+07
2.8498e+07
2.84963e+07
2.84945e+07
2.84925e+07
2.84903e+07
2.84879e+07
2.84853e+07
2.84825e+07
2.84795e+07
2.84762e+07
2.84728e+07
2.84691e+07
2.84652e+07
2.84611e+07
2.84568e+07
2.84521e+07
2.84473e+07
2.84422e+07
2.84368e+07
2.84311e+07
2.84251e+07
2.84189e+07
2.84123e+07
2.84054e+07
2.83981e+07
2.83906e+07
2.8383e+07
2.83756e+07
2.83685e+07
2.83622e+07
2.83565e+07
2.83513e+07
2.83464e+07
2.83412e+07
2.83353e+07
2.83283e+07
2.83203e+07
2.83115e+07
2.83028e+07
2.82955e+07
2.82921e+07
2.82854e+07
2.82831e+07
2.82874e+07
2.82953e+07
2.83047e+07
2.83142e+07
2.83231e+07
2.83314e+07
2.83395e+07
2.83473e+07
2.83551e+07
2.83629e+07
2.83709e+07
2.8379e+07
2.8387e+07
2.83949e+07
2.84025e+07
2.84098e+07
2.84168e+07
2.84235e+07
2.84298e+07
2.84358e+07
2.84415e+07
2.8447e+07
2.84522e+07
2.84571e+07
2.84617e+07
2.84661e+07
2.84703e+07
2.84742e+07
2.84779e+07
2.84814e+07
2.84846e+07
2.84877e+07
2.84905e+07
2.84931e+07
2.84955e+07
2.84977e+07
2.84997e+07
2.85016e+07
2.85032e+07
2.85047e+07
2.8506e+07
2.85071e+07
2.85081e+07
2.85089e+07
2.85095e+07
2.851e+07
2.85103e+07
2.85105e+07
2.83114e+07
2.83112e+07
2.83109e+07
2.83105e+07
2.83099e+07
2.83091e+07
2.83081e+07
2.8307e+07
2.83058e+07
2.83044e+07
2.83028e+07
2.8301e+07
2.8299e+07
2.82969e+07
2.82946e+07
2.82921e+07
2.82894e+07
2.82865e+07
2.82835e+07
2.82802e+07
2.82767e+07
2.8273e+07
2.82691e+07
2.82649e+07
2.82606e+07
2.8256e+07
2.82512e+07
2.82461e+07
2.82408e+07
2.82352e+07
2.82293e+07
2.82232e+07
2.82167e+07
2.821e+07
2.82031e+07
2.81962e+07
2.81896e+07
2.81836e+07
2.81784e+07
2.8174e+07
2.81702e+07
2.81667e+07
2.81627e+07
2.81581e+07
2.81525e+07
2.81458e+07
2.81386e+07
2.81317e+07
2.81263e+07
2.8124e+07
2.81187e+07
2.81152e+07
2.81173e+07
2.81228e+07
2.81302e+07
2.81381e+07
2.81458e+07
2.81528e+07
2.81593e+07
2.81657e+07
2.81721e+07
2.81789e+07
2.81859e+07
2.81931e+07
2.82004e+07
2.82077e+07
2.82147e+07
2.82215e+07
2.8228e+07
2.82342e+07
2.82401e+07
2.82457e+07
2.8251e+07
2.82561e+07
2.8261e+07
2.82656e+07
2.827e+07
2.82742e+07
2.82781e+07
2.82818e+07
2.82854e+07
2.82887e+07
2.82918e+07
2.82946e+07
2.82973e+07
2.82998e+07
2.83022e+07
2.83043e+07
2.83062e+07
2.8308e+07
2.83096e+07
2.8311e+07
2.83123e+07
2.83134e+07
2.83143e+07
2.83151e+07
2.83157e+07
2.83162e+07
2.83165e+07
2.83167e+07
2.81173e+07
2.81171e+07
2.81168e+07
2.81164e+07
2.81158e+07
2.81151e+07
2.81142e+07
2.81131e+07
2.8112e+07
2.81106e+07
2.81091e+07
2.81074e+07
2.81056e+07
2.81036e+07
2.81014e+07
2.80991e+07
2.80966e+07
2.80939e+07
2.8091e+07
2.80879e+07
2.80847e+07
2.80813e+07
2.80777e+07
2.80739e+07
2.80699e+07
2.80657e+07
2.80613e+07
2.80566e+07
2.80518e+07
2.80467e+07
2.80414e+07
2.80359e+07
2.803e+07
2.8024e+07
2.80177e+07
2.80115e+07
2.80055e+07
2.80001e+07
2.79957e+07
2.79921e+07
2.79893e+07
2.79868e+07
2.79842e+07
2.79811e+07
2.7977e+07
2.79719e+07
2.79661e+07
2.79608e+07
2.79569e+07
2.79559e+07
2.79518e+07
2.7948e+07
2.79484e+07
2.79522e+07
2.79579e+07
2.79644e+07
2.79707e+07
2.79763e+07
2.79813e+07
2.79862e+07
2.79915e+07
2.79971e+07
2.80033e+07
2.80097e+07
2.80163e+07
2.80228e+07
2.80291e+07
2.80352e+07
2.8041e+07
2.80466e+07
2.80519e+07
2.8057e+07
2.80618e+07
2.80665e+07
2.80709e+07
2.80751e+07
2.80791e+07
2.80829e+07
2.80865e+07
2.809e+07
2.80932e+07
2.80963e+07
2.80992e+07
2.81018e+07
2.81044e+07
2.81067e+07
2.81089e+07
2.81109e+07
2.81127e+07
2.81144e+07
2.81159e+07
2.81172e+07
2.81184e+07
2.81195e+07
2.81203e+07
2.81211e+07
2.81217e+07
2.81221e+07
2.81224e+07
2.81226e+07
2.79236e+07
2.79235e+07
2.79232e+07
2.79228e+07
2.79222e+07
2.79215e+07
2.79207e+07
2.79197e+07
2.79186e+07
2.79174e+07
2.7916e+07
2.79145e+07
2.79128e+07
2.79109e+07
2.79089e+07
2.79068e+07
2.79045e+07
2.79021e+07
2.78994e+07
2.78967e+07
2.78938e+07
2.78907e+07
2.78875e+07
2.78841e+07
2.78805e+07
2.78768e+07
2.78729e+07
2.78688e+07
2.78646e+07
2.78602e+07
2.78555e+07
2.78507e+07
2.78456e+07
2.78402e+07
2.78346e+07
2.7829e+07
2.78236e+07
2.78187e+07
2.78147e+07
2.78117e+07
2.78096e+07
2.78083e+07
2.78073e+07
2.78058e+07
2.78033e+07
2.77995e+07
2.7795e+07
2.77909e+07
2.77883e+07
2.77885e+07
2.77855e+07
2.77818e+07
2.77811e+07
2.77835e+07
2.77878e+07
2.7793e+07
2.77979e+07
2.78021e+07
2.78057e+07
2.78092e+07
2.78132e+07
2.78179e+07
2.78232e+07
2.78289e+07
2.78347e+07
2.78404e+07
2.78459e+07
2.78512e+07
2.78563e+07
2.78611e+07
2.78657e+07
2.78701e+07
2.78743e+07
2.78784e+07
2.78822e+07
2.78859e+07
2.78895e+07
2.78929e+07
2.78961e+07
2.78992e+07
2.79021e+07
2.79048e+07
2.79074e+07
2.79099e+07
2.79121e+07
2.79143e+07
2.79163e+07
2.79181e+07
2.79198e+07
2.79213e+07
2.79227e+07
2.79239e+07
2.7925e+07
2.7926e+07
2.79268e+07
2.79275e+07
2.7928e+07
2.79285e+07
2.79287e+07
2.79289e+07
2.77306e+07
2.77304e+07
2.77302e+07
2.77298e+07
2.77293e+07
2.77287e+07
2.77279e+07
2.77271e+07
2.77261e+07
2.77249e+07
2.77237e+07
2.77223e+07
2.77208e+07
2.77191e+07
2.77173e+07
2.77154e+07
2.77134e+07
2.77112e+07
2.77089e+07
2.77065e+07
2.7704e+07
2.77013e+07
2.76985e+07
2.76955e+07
2.76925e+07
2.76893e+07
2.7686e+07
2.76826e+07
2.7679e+07
2.76753e+07
2.76714e+07
2.76673e+07
2.7663e+07
2.76584e+07
2.76536e+07
2.76487e+07
2.76439e+07
2.76396e+07
2.76361e+07
2.76337e+07
2.76325e+07
2.76323e+07
2.76328e+07
2.76328e+07
2.76316e+07
2.76289e+07
2.76255e+07
2.76226e+07
2.76212e+07
2.76222e+07
2.76199e+07
2.76166e+07
2.76152e+07
2.76165e+07
2.76197e+07
2.76237e+07
2.76273e+07
2.76301e+07
2.76323e+07
2.76346e+07
2.76375e+07
2.76412e+07
2.76456e+07
2.76504e+07
2.76553e+07
2.76601e+07
2.76648e+07
2.76692e+07
2.76734e+07
2.76774e+07
2.76812e+07
2.76848e+07
2.76884e+07
2.76918e+07
2.7695e+07
2.76982e+07
2.77012e+07
2.77041e+07
2.77069e+07
2.77095e+07
2.7712e+07
2.77144e+07
2.77167e+07
2.77188e+07
2.77209e+07
2.77228e+07
2.77245e+07
2.77261e+07
2.77276e+07
2.7729e+07
2.77303e+07
2.77314e+07
2.77324e+07
2.77332e+07
2.7734e+07
2.77346e+07
2.77351e+07
2.77355e+07
2.77357e+07
2.77358e+07
2.75382e+07
2.75381e+07
2.75378e+07
2.75375e+07
2.75371e+07
2.75365e+07
2.75358e+07
2.75351e+07
2.75342e+07
2.75332e+07
2.75321e+07
2.75308e+07
2.75295e+07
2.75281e+07
2.75265e+07
2.75249e+07
2.75231e+07
2.75212e+07
2.75193e+07
2.75172e+07
2.75151e+07
2.75128e+07
2.75105e+07
2.7508e+07
2.75055e+07
2.75029e+07
2.75002e+07
2.74975e+07
2.74946e+07
2.74916e+07
2.74885e+07
2.74853e+07
2.74818e+07
2.74782e+07
2.74744e+07
2.74704e+07
2.74665e+07
2.7463e+07
2.74602e+07
2.74585e+07
2.74582e+07
2.74592e+07
2.74608e+07
2.7462e+07
2.74619e+07
2.74603e+07
2.74579e+07
2.7456e+07
2.74556e+07
2.74572e+07
2.74554e+07
2.74523e+07
2.74506e+07
2.74511e+07
2.74534e+07
2.74562e+07
2.74586e+07
2.74601e+07
2.7461e+07
2.74621e+07
2.7464e+07
2.74667e+07
2.74701e+07
2.74739e+07
2.74777e+07
2.74815e+07
2.74851e+07
2.74886e+07
2.74918e+07
2.7495e+07
2.74979e+07
2.75008e+07
2.75036e+07
2.75063e+07
2.75089e+07
2.75115e+07
2.75139e+07
2.75163e+07
2.75186e+07
2.75208e+07
2.75229e+07
2.75249e+07
2.75268e+07
2.75287e+07
2.75304e+07
2.7532e+07
2.75335e+07
2.75349e+07
2.75363e+07
2.75374e+07
2.75385e+07
2.75395e+07
2.75404e+07
2.75412e+07
2.75418e+07
2.75424e+07
2.75428e+07
2.75431e+07
2.75433e+07
2.75435e+07
2.73463e+07
2.73462e+07
2.7346e+07
2.73457e+07
2.73453e+07
2.73448e+07
2.73443e+07
2.73436e+07
2.73428e+07
2.7342e+07
2.7341e+07
2.734e+07
2.73388e+07
2.73376e+07
2.73363e+07
2.73349e+07
2.73334e+07
2.73319e+07
2.73303e+07
2.73286e+07
2.73268e+07
2.7325e+07
2.73231e+07
2.73212e+07
2.73193e+07
2.73172e+07
2.73152e+07
2.73131e+07
2.7311e+07
2.73088e+07
2.73065e+07
2.73042e+07
2.73017e+07
2.72991e+07
2.72964e+07
2.72936e+07
2.72908e+07
2.72884e+07
2.72866e+07
2.7286e+07
2.72866e+07
2.72886e+07
2.72911e+07
2.72933e+07
2.72941e+07
2.72934e+07
2.72919e+07
2.72908e+07
2.72913e+07
2.72932e+07
2.72918e+07
2.72889e+07
2.7287e+07
2.72871e+07
2.72885e+07
2.72904e+07
2.72915e+07
2.72918e+07
2.72915e+07
2.72915e+07
2.72923e+07
2.72939e+07
2.72962e+07
2.72987e+07
2.73014e+07
2.7304e+07
2.73065e+07
2.73089e+07
2.73112e+07
2.73134e+07
2.73155e+07
2.73176e+07
2.73196e+07
2.73216e+07
2.73235e+07
2.73255e+07
2.73273e+07
2.73292e+07
2.7331e+07
2.73327e+07
2.73344e+07
2.7336e+07
2.73376e+07
2.73391e+07
2.73405e+07
2.73419e+07
2.73431e+07
2.73443e+07
2.73454e+07
2.73464e+07
2.73474e+07
2.73482e+07
2.73489e+07
2.73496e+07
2.73502e+07
2.73506e+07
2.7351e+07
2.73513e+07
2.73515e+07
2.73516e+07
2.71548e+07
2.71547e+07
2.71545e+07
2.71543e+07
2.71539e+07
2.71535e+07
2.7153e+07
2.71525e+07
2.71518e+07
2.71511e+07
2.71503e+07
2.71494e+07
2.71485e+07
2.71475e+07
2.71464e+07
2.71453e+07
2.71441e+07
2.71429e+07
2.71416e+07
2.71403e+07
2.7139e+07
2.71376e+07
2.71362e+07
2.71348e+07
2.71334e+07
2.7132e+07
2.71306e+07
2.71292e+07
2.71278e+07
2.71264e+07
2.7125e+07
2.71236e+07
2.71222e+07
2.71207e+07
2.71192e+07
2.71176e+07
2.71163e+07
2.71152e+07
2.71148e+07
2.71153e+07
2.7117e+07
2.71198e+07
2.71231e+07
2.71261e+07
2.71277e+07
2.7128e+07
2.71273e+07
2.71269e+07
2.7128e+07
2.713e+07
2.71289e+07
2.71262e+07
2.71243e+07
2.7124e+07
2.71248e+07
2.71257e+07
2.71257e+07
2.71248e+07
2.71234e+07
2.71224e+07
2.7122e+07
2.71224e+07
2.71233e+07
2.71246e+07
2.71259e+07
2.71273e+07
2.71286e+07
2.71299e+07
2.71311e+07
2.71323e+07
2.71336e+07
2.71348e+07
2.7136e+07
2.71373e+07
2.71386e+07
2.71399e+07
2.71412e+07
2.71425e+07
2.71438e+07
2.71451e+07
2.71463e+07
2.71475e+07
2.71487e+07
2.71499e+07
2.7151e+07
2.71521e+07
2.71531e+07
2.71541e+07
2.71549e+07
2.71558e+07
2.71565e+07
2.71572e+07
2.71578e+07
2.71584e+07
2.71589e+07
2.71593e+07
2.71596e+07
2.71598e+07
2.716e+07
2.716e+07
2.69635e+07
2.69634e+07
2.69633e+07
2.69631e+07
2.69628e+07
2.69625e+07
2.69621e+07
2.69616e+07
2.69611e+07
2.69605e+07
2.69599e+07
2.69592e+07
2.69584e+07
2.69577e+07
2.69568e+07
2.6956e+07
2.69551e+07
2.69542e+07
2.69533e+07
2.69523e+07
2.69514e+07
2.69505e+07
2.69495e+07
2.69487e+07
2.69478e+07
2.6947e+07
2.69462e+07
2.69455e+07
2.69449e+07
2.69443e+07
2.69438e+07
2.69433e+07
2.6943e+07
2.69426e+07
2.69424e+07
2.69422e+07
2.69423e+07
2.69428e+07
2.69438e+07
2.69457e+07
2.69485e+07
2.69522e+07
2.69564e+07
2.69601e+07
2.69626e+07
2.69638e+07
2.69638e+07
2.69639e+07
2.69652e+07
2.69672e+07
2.69663e+07
2.6964e+07
2.69622e+07
2.69617e+07
2.6962e+07
2.69621e+07
2.6961e+07
2.6959e+07
2.69565e+07
2.69543e+07
2.69527e+07
2.69517e+07
2.69512e+07
2.69509e+07
2.69509e+07
2.69509e+07
2.6951e+07
2.69511e+07
2.69513e+07
2.69515e+07
2.69518e+07
2.69522e+07
2.69527e+07
2.69533e+07
2.69539e+07
2.69545e+07
2.69552e+07
2.6956e+07
2.69568e+07
2.69576e+07
2.69585e+07
2.69593e+07
2.69601e+07
2.6961e+07
2.69618e+07
2.69626e+07
2.69633e+07
2.6964e+07
2.69647e+07
2.69654e+07
2.6966e+07
2.69665e+07
2.6967e+07
2.69674e+07
2.69678e+07
2.69681e+07
2.69684e+07
2.69686e+07
2.69687e+07
2.69687e+07
2.67723e+07
2.67723e+07
2.67722e+07
2.6772e+07
2.67718e+07
2.67715e+07
2.67712e+07
2.67709e+07
2.67705e+07
2.677e+07
2.67696e+07
2.6769e+07
2.67685e+07
2.67679e+07
2.67674e+07
2.67668e+07
2.67662e+07
2.67656e+07
2.6765e+07
2.67644e+07
2.67639e+07
2.67634e+07
2.6763e+07
2.67626e+07
2.67623e+07
2.6762e+07
2.67619e+07
2.67619e+07
2.6762e+07
2.67623e+07
2.67626e+07
2.67631e+07
2.67638e+07
2.67647e+07
2.67657e+07
2.6767e+07
2.67686e+07
2.67706e+07
2.67732e+07
2.67765e+07
2.67806e+07
2.67854e+07
2.67904e+07
2.6795e+07
2.67984e+07
2.68004e+07
2.68011e+07
2.68015e+07
2.68028e+07
2.68046e+07
2.68039e+07
2.6802e+07
2.68004e+07
2.67999e+07
2.67998e+07
2.67991e+07
2.67971e+07
2.6794e+07
2.67904e+07
2.6787e+07
2.6784e+07
2.67815e+07
2.67794e+07
2.67776e+07
2.6776e+07
2.67746e+07
2.67734e+07
2.67724e+07
2.67715e+07
2.67708e+07
2.67702e+07
2.67697e+07
2.67694e+07
2.67692e+07
2.67692e+07
2.67692e+07
2.67694e+07
2.67696e+07
2.67699e+07
2.67703e+07
2.67707e+07
2.67711e+07
2.67716e+07
2.67721e+07
2.67726e+07
2.67731e+07
2.67737e+07
2.67742e+07
2.67746e+07
2.67751e+07
2.67755e+07
2.67759e+07
2.67763e+07
2.67766e+07
2.67769e+07
2.67771e+07
2.67773e+07
2.67775e+07
2.67776e+07
2.67776e+07
2.65813e+07
2.65813e+07
2.65812e+07
2.65811e+07
2.65809e+07
2.65807e+07
2.65805e+07
2.65803e+07
2.658e+07
2.65797e+07
2.65794e+07
2.6579e+07
2.65787e+07
2.65783e+07
2.6578e+07
2.65776e+07
2.65773e+07
2.6577e+07
2.65768e+07
2.65766e+07
2.65764e+07
2.65763e+07
2.65764e+07
2.65765e+07
2.65767e+07
2.65771e+07
2.65776e+07
2.65782e+07
2.65791e+07
2.65801e+07
2.65814e+07
2.65829e+07
2.65846e+07
2.65866e+07
2.65889e+07
2.65916e+07
2.65947e+07
2.65983e+07
2.66024e+07
2.66073e+07
2.66129e+07
2.66189e+07
2.66251e+07
2.66306e+07
2.66349e+07
2.66377e+07
2.6639e+07
2.66397e+07
2.66408e+07
2.66422e+07
2.66417e+07
2.66403e+07
2.6639e+07
2.66385e+07
2.66381e+07
2.66367e+07
2.66338e+07
2.66297e+07
2.6625e+07
2.66201e+07
2.66155e+07
2.66114e+07
2.66076e+07
2.66042e+07
2.66011e+07
2.65983e+07
2.65959e+07
2.65936e+07
2.65917e+07
2.65899e+07
2.65884e+07
2.65872e+07
2.65861e+07
2.65852e+07
2.65845e+07
2.65839e+07
2.65835e+07
2.65832e+07
2.6583e+07
2.6583e+07
2.6583e+07
2.6583e+07
2.65832e+07
2.65833e+07
2.65836e+07
2.65838e+07
2.65841e+07
2.65844e+07
2.65846e+07
2.65849e+07
2.65852e+07
2.65854e+07
2.65857e+07
2.65859e+07
2.65861e+07
2.65862e+07
2.65864e+07
2.65865e+07
2.65865e+07
2.65866e+07
2.63904e+07
2.63904e+07
2.63903e+07
2.63902e+07
2.63901e+07
2.639e+07
2.63899e+07
2.63897e+07
2.63895e+07
2.63894e+07
2.63892e+07
2.6389e+07
2.63889e+07
2.63887e+07
2.63886e+07
2.63885e+07
2.63885e+07
2.63885e+07
2.63885e+07
2.63887e+07
2.63889e+07
2.63892e+07
2.63897e+07
2.63903e+07
2.63911e+07
2.6392e+07
2.63931e+07
2.63945e+07
2.6396e+07
2.63979e+07
2.64e+07
2.64024e+07
2.64052e+07
2.64083e+07
2.64119e+07
2.64159e+07
2.64204e+07
2.64256e+07
2.64314e+07
2.64378e+07
2.6445e+07
2.64526e+07
2.64601e+07
2.64667e+07
2.6472e+07
2.64756e+07
2.64774e+07
2.64783e+07
2.64792e+07
2.64802e+07
2.64799e+07
2.64789e+07
2.64779e+07
2.64774e+07
2.64767e+07
2.64747e+07
2.6471e+07
2.6466e+07
2.64599e+07
2.64535e+07
2.64471e+07
2.64411e+07
2.64356e+07
2.64306e+07
2.6426e+07
2.64218e+07
2.64181e+07
2.64147e+07
2.64116e+07
2.64089e+07
2.64065e+07
2.64044e+07
2.64026e+07
2.6401e+07
2.63996e+07
2.63985e+07
2.63975e+07
2.63967e+07
2.63961e+07
2.63956e+07
2.63952e+07
2.63949e+07
2.63947e+07
2.63946e+07
2.63945e+07
2.63945e+07
2.63945e+07
2.63946e+07
2.63947e+07
2.63948e+07
2.63949e+07
2.6395e+07
2.63951e+07
2.63952e+07
2.63953e+07
2.63954e+07
2.63955e+07
2.63956e+07
2.63956e+07
2.63956e+07
2.61995e+07
2.61995e+07
2.61994e+07
2.61994e+07
2.61994e+07
2.61993e+07
2.61993e+07
2.61992e+07
2.61991e+07
2.61991e+07
2.61991e+07
2.61991e+07
2.61991e+07
2.61991e+07
2.61992e+07
2.61994e+07
2.61996e+07
2.61999e+07
2.62002e+07
2.62007e+07
2.62013e+07
2.62021e+07
2.62029e+07
2.6204e+07
2.62053e+07
2.62067e+07
2.62085e+07
2.62104e+07
2.62127e+07
2.62153e+07
2.62183e+07
2.62216e+07
2.62254e+07
2.62296e+07
2.62344e+07
2.62397e+07
2.62457e+07
2.62523e+07
2.62597e+07
2.62679e+07
2.62767e+07
2.6286e+07
2.62952e+07
2.63032e+07
2.63095e+07
2.63138e+07
2.63162e+07
2.63174e+07
2.63181e+07
2.63188e+07
2.63186e+07
2.63179e+07
2.63171e+07
2.63166e+07
2.63155e+07
2.6313e+07
2.63086e+07
2.63025e+07
2.6295e+07
2.62867e+07
2.62784e+07
2.62706e+07
2.62633e+07
2.62566e+07
2.62505e+07
2.6245e+07
2.62399e+07
2.62354e+07
2.62313e+07
2.62276e+07
2.62244e+07
2.62215e+07
2.62189e+07
2.62166e+07
2.62146e+07
2.62129e+07
2.62114e+07
2.62101e+07
2.62091e+07
2.62081e+07
2.62074e+07
2.62067e+07
2.62062e+07
2.62058e+07
2.62054e+07
2.62052e+07
2.6205e+07
2.62048e+07
2.62047e+07
2.62046e+07
2.62046e+07
2.62046e+07
2.62046e+07
2.62046e+07
2.62046e+07
2.62046e+07
2.62047e+07
2.62047e+07
2.62047e+07
2.62047e+07
2.60086e+07
2.60086e+07
2.60086e+07
2.60086e+07
2.60086e+07
2.60086e+07
2.60087e+07
2.60087e+07
2.60088e+07
2.60088e+07
2.60089e+07
2.60091e+07
2.60093e+07
2.60095e+07
2.60098e+07
2.60102e+07
2.60106e+07
2.60112e+07
2.60119e+07
2.60127e+07
2.60136e+07
2.60147e+07
2.6016e+07
2.60175e+07
2.60193e+07
2.60213e+07
2.60236e+07
2.60262e+07
2.60291e+07
2.60325e+07
2.60362e+07
2.60404e+07
2.60452e+07
2.60505e+07
2.60564e+07
2.6063e+07
2.60703e+07
2.60784e+07
2.60874e+07
2.60973e+07
2.61079e+07
2.61191e+07
2.61302e+07
2.61398e+07
2.61473e+07
2.61524e+07
2.61555e+07
2.61569e+07
2.61576e+07
2.61581e+07
2.6158e+07
2.61574e+07
2.61567e+07
2.61561e+07
2.61547e+07
2.61516e+07
2.61464e+07
2.61391e+07
2.61299e+07
2.61196e+07
2.61093e+07
2.60995e+07
2.60904e+07
2.60821e+07
2.60745e+07
2.60676e+07
2.60613e+07
2.60557e+07
2.60506e+07
2.6046e+07
2.60418e+07
2.60382e+07
2.60349e+07
2.6032e+07
2.60294e+07
2.60271e+07
2.60251e+07
2.60234e+07
2.60219e+07
2.60205e+07
2.60194e+07
2.60184e+07
2.60176e+07
2.60169e+07
2.60163e+07
2.60158e+07
2.60154e+07
2.6015e+07
2.60147e+07
2.60145e+07
2.60143e+07
2.60142e+07
2.60141e+07
2.6014e+07
2.60139e+07
2.60139e+07
2.60139e+07
2.60138e+07
2.60138e+07
2.60138e+07
2.58178e+07
2.58178e+07
2.58178e+07
2.58179e+07
2.58179e+07
2.5818e+07
2.58181e+07
2.58182e+07
2.58184e+07
2.58186e+07
2.58188e+07
2.58191e+07
2.58194e+07
2.58198e+07
2.58203e+07
2.58209e+07
2.58216e+07
2.58224e+07
2.58234e+07
2.58245e+07
2.58258e+07
2.58273e+07
2.58289e+07
2.58309e+07
2.58331e+07
2.58356e+07
2.58384e+07
2.58416e+07
2.58452e+07
2.58492e+07
2.58537e+07
2.58587e+07
2.58644e+07
2.58707e+07
2.58777e+07
2.58855e+07
2.58941e+07
2.59037e+07
2.59143e+07
2.59258e+07
2.59384e+07
2.59516e+07
2.59648e+07
2.59764e+07
2.59852e+07
2.59914e+07
2.59951e+07
2.59969e+07
2.59977e+07
2.59982e+07
2.5998e+07
2.59975e+07
2.59968e+07
2.5996e+07
2.59942e+07
2.59905e+07
2.59844e+07
2.59757e+07
2.59645e+07
2.5952e+07
2.59395e+07
2.59277e+07
2.59168e+07
2.59069e+07
2.58978e+07
2.58896e+07
2.58821e+07
2.58754e+07
2.58693e+07
2.58638e+07
2.58589e+07
2.58545e+07
2.58506e+07
2.5847e+07
2.58439e+07
2.58411e+07
2.58386e+07
2.58364e+07
2.58345e+07
2.58328e+07
2.58313e+07
2.583e+07
2.58289e+07
2.58279e+07
2.58271e+07
2.58263e+07
2.58257e+07
2.58252e+07
2.58247e+07
2.58244e+07
2.58241e+07
2.58238e+07
2.58236e+07
2.58234e+07
2.58233e+07
2.58231e+07
2.58231e+07
2.5823e+07
2.5823e+07
2.58229e+07
2.5627e+07
2.5627e+07
2.5627e+07
2.56271e+07
2.56272e+07
2.56273e+07
2.56275e+07
2.56277e+07
2.5628e+07
2.56283e+07
2.56286e+07
2.5629e+07
2.56295e+07
2.56301e+07
2.56308e+07
2.56316e+07
2.56325e+07
2.56336e+07
2.56348e+07
2.56362e+07
2.56378e+07
2.56396e+07
2.56416e+07
2.56439e+07
2.56466e+07
2.56495e+07
2.56528e+07
2.56566e+07
2.56608e+07
2.56654e+07
2.56707e+07
2.56765e+07
2.5683e+07
2.56902e+07
2.56983e+07
2.57072e+07
2.57171e+07
2.5728e+07
2.57401e+07
2.57533e+07
2.57678e+07
2.57832e+07
2.57987e+07
2.58125e+07
2.58232e+07
2.58305e+07
2.58351e+07
2.58373e+07
2.58384e+07
2.58388e+07
2.58387e+07
2.58382e+07
2.58374e+07
2.58363e+07
2.5834e+07
2.58295e+07
2.58223e+07
2.58118e+07
2.57983e+07
2.57834e+07
2.57687e+07
2.57549e+07
2.57423e+07
2.57308e+07
2.57203e+07
2.57109e+07
2.57023e+07
2.56945e+07
2.56875e+07
2.56812e+07
2.56755e+07
2.56704e+07
2.56658e+07
2.56617e+07
2.5658e+07
2.56548e+07
2.56518e+07
2.56492e+07
2.56469e+07
2.56449e+07
2.56431e+07
2.56415e+07
2.56401e+07
2.56388e+07
2.56378e+07
2.56368e+07
2.5636e+07
2.56353e+07
2.56347e+07
2.56342e+07
2.56337e+07
2.56334e+07
2.5633e+07
2.56328e+07
2.56326e+07
2.56324e+07
2.56323e+07
2.56322e+07
2.56321e+07
2.56321e+07
2.54361e+07
2.54362e+07
2.54362e+07
2.54363e+07
2.54365e+07
2.54367e+07
2.54369e+07
2.54372e+07
2.54375e+07
2.54379e+07
2.54384e+07
2.54389e+07
2.54396e+07
2.54403e+07
2.54412e+07
2.54422e+07
2.54433e+07
2.54446e+07
2.5446e+07
2.54477e+07
2.54495e+07
2.54517e+07
2.54541e+07
2.54567e+07
2.54598e+07
2.54631e+07
2.54669e+07
2.54712e+07
2.54759e+07
2.54812e+07
2.54871e+07
2.54936e+07
2.55009e+07
2.5509e+07
2.5518e+07
2.55279e+07
2.5539e+07
2.55512e+07
2.55648e+07
2.55796e+07
2.55959e+07
2.56135e+07
2.56315e+07
2.56481e+07
2.56609e+07
2.56698e+07
2.56754e+07
2.56783e+07
2.56796e+07
2.56802e+07
2.56801e+07
2.56795e+07
2.56786e+07
2.56772e+07
2.56743e+07
2.56687e+07
2.566e+07
2.56473e+07
2.56311e+07
2.56136e+07
2.55967e+07
2.5581e+07
2.55667e+07
2.55537e+07
2.55419e+07
2.55312e+07
2.55216e+07
2.55129e+07
2.5505e+07
2.54979e+07
2.54915e+07
2.54858e+07
2.54806e+07
2.5476e+07
2.54718e+07
2.54681e+07
2.54647e+07
2.54617e+07
2.54591e+07
2.54567e+07
2.54546e+07
2.54527e+07
2.54511e+07
2.54496e+07
2.54483e+07
2.54472e+07
2.54462e+07
2.54453e+07
2.54446e+07
2.54439e+07
2.54434e+07
2.54429e+07
2.54425e+07
2.54421e+07
2.54418e+07
2.54416e+07
2.54414e+07
2.54413e+07
2.54412e+07
2.54412e+07
2.52453e+07
2.52453e+07
2.52454e+07
2.52455e+07
2.52457e+07
2.5246e+07
2.52462e+07
2.52466e+07
2.5247e+07
2.52475e+07
2.52481e+07
2.52488e+07
2.52495e+07
2.52504e+07
2.52514e+07
2.52526e+07
2.52539e+07
2.52554e+07
2.52571e+07
2.5259e+07
2.52611e+07
2.52635e+07
2.52662e+07
2.52692e+07
2.52726e+07
2.52764e+07
2.52806e+07
2.52853e+07
2.52905e+07
2.52963e+07
2.53028e+07
2.531e+07
2.5318e+07
2.53269e+07
2.53367e+07
2.53476e+07
2.53598e+07
2.53732e+07
2.53881e+07
2.54045e+07
2.54226e+07
2.54423e+07
2.54629e+07
2.54825e+07
2.54981e+07
2.5509e+07
2.55162e+07
2.55199e+07
2.55216e+07
2.55223e+07
2.55222e+07
2.55216e+07
2.55205e+07
2.55186e+07
2.55149e+07
2.55079e+07
2.54972e+07
2.54818e+07
2.54625e+07
2.54424e+07
2.54232e+07
2.54057e+07
2.53898e+07
2.53754e+07
2.53624e+07
2.53506e+07
2.534e+07
2.53304e+07
2.53218e+07
2.5314e+07
2.5307e+07
2.53006e+07
2.52949e+07
2.52898e+07
2.52852e+07
2.5281e+07
2.52773e+07
2.5274e+07
2.5271e+07
2.52683e+07
2.52659e+07
2.52638e+07
2.52619e+07
2.52602e+07
2.52588e+07
2.52574e+07
2.52563e+07
2.52553e+07
2.52544e+07
2.52536e+07
2.52529e+07
2.52523e+07
2.52518e+07
2.52514e+07
2.52511e+07
2.52508e+07
2.52506e+07
2.52504e+07
2.52503e+07
2.52503e+07
2.50544e+07
2.50544e+07
2.50545e+07
2.50547e+07
2.50549e+07
2.50552e+07
2.50556e+07
2.5056e+07
2.50565e+07
2.50571e+07
2.50577e+07
2.50585e+07
2.50594e+07
2.50604e+07
2.50616e+07
2.50629e+07
2.50644e+07
2.50661e+07
2.50679e+07
2.507e+07
2.50724e+07
2.50751e+07
2.5078e+07
2.50814e+07
2.50851e+07
2.50892e+07
2.50938e+07
2.50989e+07
2.51045e+07
2.51108e+07
2.51178e+07
2.51256e+07
2.51342e+07
2.51438e+07
2.51544e+07
2.51662e+07
2.51792e+07
2.51937e+07
2.52098e+07
2.52276e+07
2.52474e+07
2.52691e+07
2.52924e+07
2.53154e+07
2.53344e+07
2.53479e+07
2.5357e+07
2.5362e+07
2.53642e+07
2.53651e+07
2.53651e+07
2.53644e+07
2.53631e+07
2.53608e+07
2.53558e+07
2.53468e+07
2.53335e+07
2.53146e+07
2.5292e+07
2.52692e+07
2.5248e+07
2.52287e+07
2.52113e+07
2.51957e+07
2.51816e+07
2.51689e+07
2.51574e+07
2.5147e+07
2.51377e+07
2.51293e+07
2.51217e+07
2.51148e+07
2.51087e+07
2.51031e+07
2.50981e+07
2.50936e+07
2.50895e+07
2.50859e+07
2.50826e+07
2.50796e+07
2.5077e+07
2.50747e+07
2.50726e+07
2.50707e+07
2.5069e+07
2.50675e+07
2.50662e+07
2.50651e+07
2.50641e+07
2.50632e+07
2.50624e+07
2.50617e+07
2.50612e+07
2.50607e+07
2.50603e+07
2.50599e+07
2.50597e+07
2.50595e+07
2.50594e+07
2.50593e+07
2.48635e+07
2.48635e+07
2.48637e+07
2.48638e+07
2.48641e+07
2.48644e+07
2.48648e+07
2.48653e+07
2.48659e+07
2.48665e+07
2.48673e+07
2.48682e+07
2.48692e+07
2.48703e+07
2.48716e+07
2.4873e+07
2.48747e+07
2.48765e+07
2.48786e+07
2.48809e+07
2.48835e+07
2.48863e+07
2.48896e+07
2.48931e+07
2.48971e+07
2.49015e+07
2.49064e+07
2.49119e+07
2.4918e+07
2.49247e+07
2.49321e+07
2.49404e+07
2.49495e+07
2.49597e+07
2.49709e+07
2.49834e+07
2.49973e+07
2.50127e+07
2.50298e+07
2.50489e+07
2.50701e+07
2.50936e+07
2.51193e+07
2.51458e+07
2.51691e+07
2.5186e+07
2.51978e+07
2.52047e+07
2.52076e+07
2.52087e+07
2.52088e+07
2.52081e+07
2.52065e+07
2.52034e+07
2.51966e+07
2.5185e+07
2.51682e+07
2.51451e+07
2.51189e+07
2.50937e+07
2.50706e+07
2.50498e+07
2.50312e+07
2.50145e+07
2.49994e+07
2.49859e+07
2.49737e+07
2.49627e+07
2.49527e+07
2.49438e+07
2.49357e+07
2.49284e+07
2.49218e+07
2.49159e+07
2.49105e+07
2.49057e+07
2.49013e+07
2.48974e+07
2.48939e+07
2.48907e+07
2.48878e+07
2.48853e+07
2.4883e+07
2.4881e+07
2.48791e+07
2.48775e+07
2.48761e+07
2.48748e+07
2.48737e+07
2.48727e+07
2.48718e+07
2.48711e+07
2.48704e+07
2.48699e+07
2.48694e+07
2.4869e+07
2.48688e+07
2.48685e+07
2.48684e+07
2.48683e+07
2.46725e+07
2.46726e+07
2.46727e+07
2.46729e+07
2.46732e+07
2.46736e+07
2.4674e+07
2.46746e+07
2.46752e+07
2.46759e+07
2.46767e+07
2.46777e+07
2.46788e+07
2.468e+07
2.46814e+07
2.4683e+07
2.46848e+07
2.46868e+07
2.4689e+07
2.46915e+07
2.46942e+07
2.46973e+07
2.47007e+07
2.47045e+07
2.47087e+07
2.47134e+07
2.47186e+07
2.47244e+07
2.47307e+07
2.47378e+07
2.47456e+07
2.47543e+07
2.47638e+07
2.47745e+07
2.47862e+07
2.47993e+07
2.48138e+07
2.48299e+07
2.48479e+07
2.48679e+07
2.48903e+07
2.49153e+07
2.49431e+07
2.49729e+07
2.5001e+07
2.50226e+07
2.50379e+07
2.50476e+07
2.50517e+07
2.50532e+07
2.50534e+07
2.50526e+07
2.50507e+07
2.50464e+07
2.50368e+07
2.50217e+07
2.50002e+07
2.49722e+07
2.49428e+07
2.49155e+07
2.48908e+07
2.48689e+07
2.48492e+07
2.48316e+07
2.48158e+07
2.48016e+07
2.47888e+07
2.47772e+07
2.47668e+07
2.47574e+07
2.47489e+07
2.47413e+07
2.47343e+07
2.47281e+07
2.47224e+07
2.47173e+07
2.47127e+07
2.47086e+07
2.47048e+07
2.47014e+07
2.46984e+07
2.46957e+07
2.46932e+07
2.4691e+07
2.46891e+07
2.46873e+07
2.46857e+07
2.46844e+07
2.46831e+07
2.46821e+07
2.46811e+07
2.46803e+07
2.46796e+07
2.4679e+07
2.46785e+07
2.46781e+07
2.46778e+07
2.46775e+07
2.46774e+07
2.46773e+07
2.44815e+07
2.44816e+07
2.44817e+07
2.4482e+07
2.44823e+07
2.44827e+07
2.44832e+07
2.44837e+07
2.44844e+07
2.44852e+07
2.44861e+07
2.44871e+07
2.44883e+07
2.44896e+07
2.44911e+07
2.44928e+07
2.44947e+07
2.44968e+07
2.44992e+07
2.45018e+07
2.45047e+07
2.45079e+07
2.45115e+07
2.45155e+07
2.45199e+07
2.45248e+07
2.45302e+07
2.45362e+07
2.45429e+07
2.45502e+07
2.45583e+07
2.45672e+07
2.45772e+07
2.45881e+07
2.46003e+07
2.46138e+07
2.46288e+07
2.46454e+07
2.46639e+07
2.46847e+07
2.47079e+07
2.47339e+07
2.47632e+07
2.47956e+07
2.48286e+07
2.48562e+07
2.48761e+07
2.48899e+07
2.48965e+07
2.48985e+07
2.48988e+07
2.4898e+07
2.48957e+07
2.4889e+07
2.48752e+07
2.48554e+07
2.48279e+07
2.47951e+07
2.4763e+07
2.47341e+07
2.47084e+07
2.46855e+07
2.46652e+07
2.46469e+07
2.46306e+07
2.46159e+07
2.46026e+07
2.45907e+07
2.45799e+07
2.45702e+07
2.45614e+07
2.45534e+07
2.45462e+07
2.45397e+07
2.45338e+07
2.45285e+07
2.45237e+07
2.45193e+07
2.45154e+07
2.45119e+07
2.45087e+07
2.45058e+07
2.45032e+07
2.45009e+07
2.44988e+07
2.44969e+07
2.44953e+07
2.44938e+07
2.44925e+07
2.44913e+07
2.44903e+07
2.44894e+07
2.44887e+07
2.4488e+07
2.44875e+07
2.4487e+07
2.44867e+07
2.44864e+07
2.44863e+07
2.44862e+07
2.42905e+07
2.42905e+07
2.42907e+07
2.42909e+07
2.42913e+07
2.42917e+07
2.42922e+07
2.42928e+07
2.42936e+07
2.42944e+07
2.42954e+07
2.42965e+07
2.42977e+07
2.42991e+07
2.43007e+07
2.43025e+07
2.43044e+07
2.43066e+07
2.43091e+07
2.43118e+07
2.43149e+07
2.43182e+07
2.4322e+07
2.43261e+07
2.43307e+07
2.43357e+07
2.43413e+07
2.43475e+07
2.43543e+07
2.43618e+07
2.43701e+07
2.43793e+07
2.43894e+07
2.44006e+07
2.4413e+07
2.44268e+07
2.4442e+07
2.4459e+07
2.44778e+07
2.44989e+07
2.45225e+07
2.45491e+07
2.45792e+07
2.4613e+07
2.46498e+07
2.46845e+07
2.47107e+07
2.473e+07
2.47412e+07
2.47446e+07
2.4745e+07
2.47442e+07
2.47405e+07
2.47293e+07
2.471e+07
2.46839e+07
2.46493e+07
2.46127e+07
2.45791e+07
2.45494e+07
2.45231e+07
2.44998e+07
2.4479e+07
2.44604e+07
2.44437e+07
2.44287e+07
2.44152e+07
2.4403e+07
2.4392e+07
2.4382e+07
2.4373e+07
2.43648e+07
2.43574e+07
2.43507e+07
2.43447e+07
2.43392e+07
2.43342e+07
2.43297e+07
2.43256e+07
2.43219e+07
2.43186e+07
2.43156e+07
2.43129e+07
2.43105e+07
2.43083e+07
2.43064e+07
2.43046e+07
2.43031e+07
2.43017e+07
2.43005e+07
2.42994e+07
2.42985e+07
2.42977e+07
2.4297e+07
2.42964e+07
2.42959e+07
2.42956e+07
2.42953e+07
2.42951e+07
2.4295e+07
2.40993e+07
2.40994e+07
2.40996e+07
2.40999e+07
2.41002e+07
2.41006e+07
2.41012e+07
2.41018e+07
2.41026e+07
2.41035e+07
2.41045e+07
2.41056e+07
2.41069e+07
2.41084e+07
2.411e+07
2.41119e+07
2.41139e+07
2.41162e+07
2.41188e+07
2.41216e+07
2.41247e+07
2.41282e+07
2.4132e+07
2.41363e+07
2.41409e+07
2.41461e+07
2.41518e+07
2.41581e+07
2.4165e+07
2.41727e+07
2.41811e+07
2.41904e+07
2.42006e+07
2.4212e+07
2.42245e+07
2.42383e+07
2.42536e+07
2.42706e+07
2.42895e+07
2.43106e+07
2.43342e+07
2.43608e+07
2.43908e+07
2.44249e+07
2.44632e+07
2.45035e+07
2.45384e+07
2.45644e+07
2.45827e+07
2.45902e+07
2.45913e+07
2.45899e+07
2.45822e+07
2.45639e+07
2.45379e+07
2.45031e+07
2.44628e+07
2.44247e+07
2.43909e+07
2.43611e+07
2.43348e+07
2.43115e+07
2.42906e+07
2.4272e+07
2.42552e+07
2.42401e+07
2.42265e+07
2.42142e+07
2.4203e+07
2.41929e+07
2.41838e+07
2.41755e+07
2.4168e+07
2.41611e+07
2.4155e+07
2.41493e+07
2.41443e+07
2.41397e+07
2.41355e+07
2.41317e+07
2.41283e+07
2.41252e+07
2.41224e+07
2.41199e+07
2.41176e+07
2.41156e+07
2.41138e+07
2.41122e+07
2.41108e+07
2.41095e+07
2.41084e+07
2.41074e+07
2.41066e+07
2.41058e+07
2.41052e+07
2.41047e+07
2.41044e+07
2.41041e+07
2.41039e+07
2.41038e+07
2.39081e+07
2.39082e+07
2.39084e+07
2.39087e+07
2.3909e+07
2.39095e+07
2.39101e+07
2.39107e+07
2.39115e+07
2.39124e+07
2.39135e+07
2.39147e+07
2.3916e+07
2.39175e+07
2.39192e+07
2.39211e+07
2.39232e+07
2.39256e+07
2.39282e+07
2.39311e+07
2.39343e+07
2.39378e+07
2.39417e+07
2.3946e+07
2.39507e+07
2.3956e+07
2.39617e+07
2.39681e+07
2.39751e+07
2.39828e+07
2.39912e+07
2.40005e+07
2.40108e+07
2.40221e+07
2.40346e+07
2.40484e+07
2.40636e+07
2.40804e+07
2.40991e+07
2.41198e+07
2.4143e+07
2.4169e+07
2.41982e+07
2.42313e+07
2.42688e+07
2.43106e+07
2.4353e+07
2.43881e+07
2.44141e+07
2.44293e+07
2.44329e+07
2.44291e+07
2.44138e+07
2.43878e+07
2.43527e+07
2.43103e+07
2.42686e+07
2.42313e+07
2.41984e+07
2.41694e+07
2.41436e+07
2.41207e+07
2.41001e+07
2.40817e+07
2.4065e+07
2.405e+07
2.40365e+07
2.40242e+07
2.4013e+07
2.40029e+07
2.39937e+07
2.39854e+07
2.39778e+07
2.39709e+07
2.39647e+07
2.3959e+07
2.39539e+07
2.39492e+07
2.39449e+07
2.39411e+07
2.39376e+07
2.39345e+07
2.39316e+07
2.39291e+07
2.39268e+07
2.39247e+07
2.39228e+07
2.39212e+07
2.39197e+07
2.39184e+07
2.39172e+07
2.39162e+07
2.39153e+07
2.39146e+07
2.3914e+07
2.39135e+07
2.39131e+07
2.39128e+07
2.39126e+07
2.39125e+07
2.37169e+07
2.3717e+07
2.37172e+07
2.37174e+07
2.37178e+07
2.37183e+07
2.37189e+07
2.37196e+07
2.37204e+07
2.37213e+07
2.37224e+07
2.37236e+07
2.3725e+07
2.37265e+07
2.37282e+07
2.37302e+07
2.37323e+07
2.37347e+07
2.37373e+07
2.37402e+07
2.37435e+07
2.3747e+07
2.3751e+07
2.37553e+07
2.37601e+07
2.37653e+07
2.37711e+07
2.37775e+07
2.37844e+07
2.37921e+07
2.38005e+07
2.38098e+07
2.38199e+07
2.38311e+07
2.38434e+07
2.3857e+07
2.38719e+07
2.38884e+07
2.39065e+07
2.39267e+07
2.3949e+07
2.39739e+07
2.40017e+07
2.40329e+07
2.40679e+07
2.41073e+07
2.41503e+07
2.41928e+07
2.4227e+07
2.42492e+07
2.42568e+07
2.42491e+07
2.42269e+07
2.41926e+07
2.41502e+07
2.41072e+07
2.40679e+07
2.4033e+07
2.40019e+07
2.39743e+07
2.39496e+07
2.39275e+07
2.39075e+07
2.38895e+07
2.38733e+07
2.38585e+07
2.38452e+07
2.3833e+07
2.3822e+07
2.3812e+07
2.38029e+07
2.37946e+07
2.3787e+07
2.37801e+07
2.37739e+07
2.37682e+07
2.3763e+07
2.37583e+07
2.3754e+07
2.37502e+07
2.37467e+07
2.37435e+07
2.37406e+07
2.3738e+07
2.37357e+07
2.37335e+07
2.37317e+07
2.373e+07
2.37285e+07
2.37271e+07
2.37259e+07
2.37249e+07
2.3724e+07
2.37233e+07
2.37226e+07
2.37221e+07
2.37217e+07
2.37214e+07
2.37212e+07
2.37211e+07
2.35256e+07
2.35257e+07
2.35258e+07
2.35261e+07
2.35265e+07
2.3527e+07
2.35276e+07
2.35283e+07
2.35291e+07
2.35301e+07
2.35311e+07
2.35324e+07
2.35338e+07
2.35353e+07
2.35371e+07
2.3539e+07
2.35412e+07
2.35436e+07
2.35462e+07
2.35491e+07
2.35524e+07
2.35559e+07
2.35599e+07
2.35642e+07
2.3569e+07
2.35742e+07
2.35799e+07
2.35862e+07
2.35931e+07
2.36007e+07
2.3609e+07
2.36181e+07
2.36281e+07
2.3639e+07
2.36511e+07
2.36642e+07
2.36787e+07
2.36946e+07
2.37121e+07
2.37313e+07
2.37525e+07
2.37759e+07
2.38018e+07
2.38305e+07
2.38622e+07
2.38973e+07
2.39356e+07
2.39761e+07
2.40145e+07
2.40426e+07
2.40536e+07
2.40426e+07
2.40144e+07
2.3976e+07
2.39356e+07
2.38972e+07
2.38622e+07
2.38306e+07
2.38021e+07
2.37764e+07
2.37531e+07
2.37321e+07
2.3713e+07
2.36957e+07
2.368e+07
2.36657e+07
2.36527e+07
2.36408e+07
2.363e+07
2.36202e+07
2.36112e+07
2.3603e+07
2.35955e+07
2.35887e+07
2.35825e+07
2.35769e+07
2.35717e+07
2.3567e+07
2.35628e+07
2.35589e+07
2.35554e+07
2.35522e+07
2.35493e+07
2.35467e+07
2.35443e+07
2.35422e+07
2.35403e+07
2.35386e+07
2.35371e+07
2.35357e+07
2.35345e+07
2.35335e+07
2.35326e+07
2.35318e+07
2.35312e+07
2.35306e+07
2.35302e+07
2.35299e+07
2.35297e+07
2.35296e+07
2.33342e+07
2.33342e+07
2.33344e+07
2.33347e+07
2.33351e+07
2.33356e+07
2.33362e+07
2.33369e+07
2.33377e+07
2.33387e+07
2.33398e+07
2.3341e+07
2.33424e+07
2.3344e+07
2.33457e+07
2.33476e+07
2.33498e+07
2.33522e+07
2.33548e+07
2.33578e+07
2.3361e+07
2.33645e+07
2.33684e+07
2.33727e+07
2.33774e+07
2.33825e+07
2.33882e+07
2.33944e+07
2.34012e+07
2.34086e+07
2.34167e+07
2.34256e+07
2.34353e+07
2.34459e+07
2.34575e+07
2.34702e+07
2.34841e+07
2.34993e+07
2.35159e+07
2.3534e+07
2.35538e+07
2.35755e+07
2.35992e+07
2.3625e+07
2.3653e+07
2.36832e+07
2.37153e+07
2.37485e+07
2.37809e+07
2.38077e+07
2.38203e+07
2.38077e+07
2.37808e+07
2.37485e+07
2.37153e+07
2.36832e+07
2.36531e+07
2.36252e+07
2.35995e+07
2.3576e+07
2.35544e+07
2.35348e+07
2.35168e+07
2.35003e+07
2.34853e+07
2.34716e+07
2.34591e+07
2.34476e+07
2.34371e+07
2.34275e+07
2.34187e+07
2.34107e+07
2.34034e+07
2.33967e+07
2.33906e+07
2.3385e+07
2.338e+07
2.33753e+07
2.33711e+07
2.33673e+07
2.33638e+07
2.33606e+07
2.33577e+07
2.33551e+07
2.33528e+07
2.33507e+07
2.33488e+07
2.33471e+07
2.33455e+07
2.33442e+07
2.3343e+07
2.3342e+07
2.3341e+07
2.33403e+07
2.33396e+07
2.33391e+07
2.33387e+07
2.33383e+07
2.33381e+07
2.3338e+07
2.31427e+07
2.31428e+07
2.3143e+07
2.31432e+07
2.31436e+07
2.31441e+07
2.31447e+07
2.31454e+07
2.31462e+07
2.31472e+07
2.31483e+07
2.31495e+07
2.31509e+07
2.31524e+07
2.31542e+07
2.31561e+07
2.31582e+07
2.31606e+07
2.31632e+07
2.31661e+07
2.31692e+07
2.31727e+07
2.31766e+07
2.31808e+07
2.31854e+07
2.31904e+07
2.31959e+07
2.3202e+07
2.32086e+07
2.32158e+07
2.32237e+07
2.32322e+07
2.32416e+07
2.32518e+07
2.32629e+07
2.3275e+07
2.32882e+07
2.33025e+07
2.33181e+07
2.3335e+07
2.33533e+07
2.33731e+07
2.33944e+07
2.34173e+07
2.34415e+07
2.3467e+07
2.34931e+07
2.3519e+07
2.35428e+07
2.35612e+07
2.35692e+07
2.35612e+07
2.35428e+07
2.3519e+07
2.34932e+07
2.34671e+07
2.34417e+07
2.34175e+07
2.33948e+07
2.33736e+07
2.33539e+07
2.33358e+07
2.3319e+07
2.33036e+07
2.32894e+07
2.32763e+07
2.32644e+07
2.32534e+07
2.32433e+07
2.3234e+07
2.32255e+07
2.32178e+07
2.32107e+07
2.32042e+07
2.31982e+07
2.31927e+07
2.31878e+07
2.31832e+07
2.31791e+07
2.31753e+07
2.31719e+07
2.31688e+07
2.31659e+07
2.31634e+07
2.3161e+07
2.31589e+07
2.31571e+07
2.31554e+07
2.31539e+07
2.31525e+07
2.31513e+07
2.31503e+07
2.31494e+07
2.31486e+07
2.3148e+07
2.31474e+07
2.3147e+07
2.31467e+07
2.31465e+07
2.31464e+07
2.29511e+07
2.29512e+07
2.29514e+07
2.29517e+07
2.29521e+07
2.29525e+07
2.29531e+07
2.29538e+07
2.29546e+07
2.29556e+07
2.29566e+07
2.29579e+07
2.29592e+07
2.29607e+07
2.29625e+07
2.29643e+07
2.29664e+07
2.29688e+07
2.29713e+07
2.29741e+07
2.29772e+07
2.29806e+07
2.29844e+07
2.29885e+07
2.29929e+07
2.29978e+07
2.30032e+07
2.3009e+07
2.30154e+07
2.30224e+07
2.30299e+07
2.30382e+07
2.30471e+07
2.30568e+07
2.30674e+07
2.30788e+07
2.30912e+07
2.31046e+07
2.31191e+07
2.31346e+07
2.31513e+07
2.31692e+07
2.31881e+07
2.32081e+07
2.32289e+07
2.32502e+07
2.32712e+07
2.32911e+07
2.33083e+07
2.33207e+07
2.33255e+07
2.33207e+07
2.33084e+07
2.32912e+07
2.32713e+07
2.32503e+07
2.32291e+07
2.32084e+07
2.31885e+07
2.31697e+07
2.31519e+07
2.31353e+07
2.31199e+07
2.31056e+07
2.30923e+07
2.308e+07
2.30687e+07
2.30583e+07
2.30486e+07
2.30398e+07
2.30317e+07
2.30242e+07
2.30173e+07
2.30111e+07
2.30053e+07
2.3e+07
2.29952e+07
2.29908e+07
2.29867e+07
2.2983e+07
2.29797e+07
2.29766e+07
2.29739e+07
2.29714e+07
2.29691e+07
2.2967e+07
2.29652e+07
2.29635e+07
2.2962e+07
2.29607e+07
2.29595e+07
2.29585e+07
2.29576e+07
2.29569e+07
2.29562e+07
2.29557e+07
2.29553e+07
2.2955e+07
2.29548e+07
2.29547e+07
2.27595e+07
2.27596e+07
2.27598e+07
2.276e+07
2.27604e+07
2.27609e+07
2.27615e+07
2.27621e+07
2.27629e+07
2.27639e+07
2.27649e+07
2.27661e+07
2.27674e+07
2.27689e+07
2.27706e+07
2.27724e+07
2.27745e+07
2.27767e+07
2.27792e+07
2.27819e+07
2.27849e+07
2.27882e+07
2.27918e+07
2.27958e+07
2.28001e+07
2.28048e+07
2.281e+07
2.28156e+07
2.28217e+07
2.28283e+07
2.28355e+07
2.28434e+07
2.28518e+07
2.2861e+07
2.28709e+07
2.28817e+07
2.28932e+07
2.29056e+07
2.29189e+07
2.29331e+07
2.29482e+07
2.29642e+07
2.29809e+07
2.29982e+07
2.30159e+07
2.30335e+07
2.30504e+07
2.30659e+07
2.30786e+07
2.30873e+07
2.30904e+07
2.30873e+07
2.30787e+07
2.3066e+07
2.30506e+07
2.30337e+07
2.30161e+07
2.29985e+07
2.29813e+07
2.29646e+07
2.29488e+07
2.29338e+07
2.29197e+07
2.29065e+07
2.28942e+07
2.28828e+07
2.28722e+07
2.28624e+07
2.28533e+07
2.28449e+07
2.28371e+07
2.283e+07
2.28235e+07
2.28174e+07
2.28119e+07
2.28068e+07
2.28022e+07
2.27979e+07
2.2794e+07
2.27905e+07
2.27872e+07
2.27843e+07
2.27816e+07
2.27791e+07
2.27769e+07
2.27749e+07
2.27731e+07
2.27715e+07
2.27701e+07
2.27688e+07
2.27676e+07
2.27666e+07
2.27657e+07
2.2765e+07
2.27644e+07
2.27639e+07
2.27635e+07
2.27631e+07
2.27629e+07
2.27628e+07
2.25678e+07
2.25679e+07
2.25681e+07
2.25683e+07
2.25687e+07
2.25691e+07
2.25697e+07
2.25704e+07
2.25711e+07
2.2572e+07
2.2573e+07
2.25742e+07
2.25755e+07
2.25769e+07
2.25785e+07
2.25803e+07
2.25823e+07
2.25844e+07
2.25868e+07
2.25895e+07
2.25924e+07
2.25955e+07
2.2599e+07
2.26028e+07
2.26069e+07
2.26114e+07
2.26163e+07
2.26216e+07
2.26274e+07
2.26337e+07
2.26405e+07
2.26479e+07
2.26559e+07
2.26645e+07
2.26737e+07
2.26837e+07
2.26944e+07
2.27058e+07
2.27179e+07
2.27307e+07
2.27443e+07
2.27584e+07
2.2773e+07
2.2788e+07
2.28029e+07
2.28175e+07
2.28312e+07
2.28433e+07
2.2853e+07
2.28594e+07
2.28616e+07
2.28594e+07
2.28531e+07
2.28434e+07
2.28313e+07
2.28177e+07
2.28032e+07
2.27883e+07
2.27734e+07
2.27589e+07
2.27448e+07
2.27314e+07
2.27186e+07
2.27066e+07
2.26953e+07
2.26847e+07
2.26749e+07
2.26657e+07
2.26572e+07
2.26493e+07
2.2642e+07
2.26353e+07
2.26291e+07
2.26234e+07
2.26181e+07
2.26133e+07
2.26088e+07
2.26047e+07
2.2601e+07
2.25976e+07
2.25945e+07
2.25916e+07
2.2589e+07
2.25867e+07
2.25846e+07
2.25826e+07
2.25809e+07
2.25793e+07
2.25779e+07
2.25767e+07
2.25756e+07
2.25746e+07
2.25738e+07
2.2573e+07
2.25724e+07
2.25719e+07
2.25715e+07
2.25712e+07
2.25711e+07
2.2571e+07
2.2376e+07
2.23761e+07
2.23763e+07
2.23765e+07
2.23769e+07
2.23773e+07
2.23779e+07
2.23785e+07
2.23792e+07
2.23801e+07
2.23811e+07
2.23822e+07
2.23834e+07
2.23848e+07
2.23863e+07
2.2388e+07
2.23899e+07
2.2392e+07
2.23943e+07
2.23968e+07
2.23995e+07
2.24025e+07
2.24058e+07
2.24094e+07
2.24133e+07
2.24176e+07
2.24222e+07
2.24273e+07
2.24327e+07
2.24386e+07
2.2445e+07
2.24519e+07
2.24593e+07
2.24673e+07
2.24759e+07
2.2485e+07
2.24948e+07
2.25052e+07
2.25161e+07
2.25277e+07
2.25397e+07
2.25522e+07
2.25649e+07
2.25777e+07
2.25903e+07
2.26024e+07
2.26136e+07
2.26232e+07
2.26307e+07
2.26356e+07
2.26372e+07
2.26356e+07
2.26308e+07
2.26233e+07
2.26137e+07
2.26026e+07
2.25906e+07
2.2578e+07
2.25653e+07
2.25526e+07
2.25402e+07
2.25283e+07
2.25168e+07
2.2506e+07
2.24957e+07
2.2486e+07
2.24769e+07
2.24684e+07
2.24605e+07
2.24532e+07
2.24464e+07
2.24401e+07
2.24342e+07
2.24288e+07
2.24239e+07
2.24193e+07
2.24151e+07
2.24112e+07
2.24077e+07
2.24044e+07
2.24015e+07
2.23988e+07
2.23963e+07
2.23941e+07
2.2392e+07
2.23902e+07
2.23885e+07
2.2387e+07
2.23857e+07
2.23845e+07
2.23834e+07
2.23825e+07
2.23817e+07
2.2381e+07
2.23804e+07
2.23799e+07
2.23795e+07
2.23793e+07
2.23791e+07
2.2379e+07
2.21842e+07
2.21843e+07
2.21844e+07
2.21847e+07
2.2185e+07
2.21854e+07
2.21859e+07
2.21865e+07
2.21872e+07
2.21881e+07
2.2189e+07
2.219e+07
2.21912e+07
2.21925e+07
2.2194e+07
2.21956e+07
2.21974e+07
2.21993e+07
2.22015e+07
2.22039e+07
2.22064e+07
2.22093e+07
2.22124e+07
2.22158e+07
2.22194e+07
2.22234e+07
2.22278e+07
2.22325e+07
2.22376e+07
2.22431e+07
2.2249e+07
2.22554e+07
2.22622e+07
2.22696e+07
2.22774e+07
2.22858e+07
2.22946e+07
2.2304e+07
2.23139e+07
2.23241e+07
2.23348e+07
2.23456e+07
2.23567e+07
2.23676e+07
2.23783e+07
2.23883e+07
2.23974e+07
2.24052e+07
2.24111e+07
2.24149e+07
2.24162e+07
2.2415e+07
2.24112e+07
2.24053e+07
2.23976e+07
2.23885e+07
2.23785e+07
2.23679e+07
2.2357e+07
2.23461e+07
2.23353e+07
2.23247e+07
2.23145e+07
2.23047e+07
2.22955e+07
2.22867e+07
2.22784e+07
2.22706e+07
2.22633e+07
2.22566e+07
2.22502e+07
2.22444e+07
2.2239e+07
2.22339e+07
2.22293e+07
2.2225e+07
2.2221e+07
2.22174e+07
2.22141e+07
2.2211e+07
2.22082e+07
2.22057e+07
2.22034e+07
2.22012e+07
2.21993e+07
2.21976e+07
2.2196e+07
2.21946e+07
2.21933e+07
2.21922e+07
2.21912e+07
2.21903e+07
2.21895e+07
2.21888e+07
2.21883e+07
2.21878e+07
2.21875e+07
2.21872e+07
2.2187e+07
2.21869e+07
2.19923e+07
2.19923e+07
2.19925e+07
2.19927e+07
2.1993e+07
2.19934e+07
2.19939e+07
2.19945e+07
2.19952e+07
2.19959e+07
2.19968e+07
2.19978e+07
2.19989e+07
2.20001e+07
2.20015e+07
2.2003e+07
2.20047e+07
2.20065e+07
2.20085e+07
2.20107e+07
2.20131e+07
2.20158e+07
2.20187e+07
2.20218e+07
2.20252e+07
2.2029e+07
2.2033e+07
2.20373e+07
2.2042e+07
2.20471e+07
2.20525e+07
2.20584e+07
2.20647e+07
2.20714e+07
2.20785e+07
2.2086e+07
2.2094e+07
2.21024e+07
2.21112e+07
2.21202e+07
2.21296e+07
2.2139e+07
2.21485e+07
2.21579e+07
2.21669e+07
2.21752e+07
2.21827e+07
2.2189e+07
2.21938e+07
2.21968e+07
2.21978e+07
2.21968e+07
2.21938e+07
2.21891e+07
2.21829e+07
2.21754e+07
2.21671e+07
2.21582e+07
2.21489e+07
2.21394e+07
2.213e+07
2.21208e+07
2.21118e+07
2.21031e+07
2.20948e+07
2.20868e+07
2.20794e+07
2.20723e+07
2.20657e+07
2.20595e+07
2.20537e+07
2.20483e+07
2.20433e+07
2.20386e+07
2.20343e+07
2.20304e+07
2.20267e+07
2.20233e+07
2.20202e+07
2.20174e+07
2.20148e+07
2.20124e+07
2.20102e+07
2.20082e+07
2.20064e+07
2.20048e+07
2.20033e+07
2.2002e+07
2.20008e+07
2.19997e+07
2.19988e+07
2.1998e+07
2.19972e+07
2.19966e+07
2.19961e+07
2.19957e+07
2.19953e+07
2.19951e+07
2.19949e+07
2.19948e+07
2.18003e+07
2.18004e+07
2.18005e+07
2.18007e+07
2.1801e+07
2.18014e+07
2.18018e+07
2.18024e+07
2.1803e+07
2.18037e+07
2.18045e+07
2.18054e+07
2.18064e+07
2.18076e+07
2.18089e+07
2.18103e+07
2.18118e+07
2.18135e+07
2.18154e+07
2.18174e+07
2.18196e+07
2.18221e+07
2.18247e+07
2.18276e+07
2.18308e+07
2.18342e+07
2.18379e+07
2.18418e+07
2.18461e+07
2.18507e+07
2.18557e+07
2.1861e+07
2.18667e+07
2.18727e+07
2.18791e+07
2.18859e+07
2.1893e+07
2.19004e+07
2.19082e+07
2.19161e+07
2.19242e+07
2.19324e+07
2.19406e+07
2.19485e+07
2.1956e+07
2.1963e+07
2.19692e+07
2.19743e+07
2.19782e+07
2.19806e+07
2.19814e+07
2.19806e+07
2.19782e+07
2.19744e+07
2.19693e+07
2.19632e+07
2.19563e+07
2.19488e+07
2.19409e+07
2.19328e+07
2.19247e+07
2.19166e+07
2.19087e+07
2.1901e+07
2.18937e+07
2.18866e+07
2.18799e+07
2.18736e+07
2.18676e+07
2.1862e+07
2.18567e+07
2.18518e+07
2.18473e+07
2.1843e+07
2.18391e+07
2.18355e+07
2.18321e+07
2.1829e+07
2.18261e+07
2.18235e+07
2.18211e+07
2.18189e+07
2.18169e+07
2.18151e+07
2.18134e+07
2.18119e+07
2.18105e+07
2.18093e+07
2.18082e+07
2.18072e+07
2.18063e+07
2.18056e+07
2.18049e+07
2.18043e+07
2.18038e+07
2.18034e+07
2.18031e+07
2.18029e+07
2.18027e+07
2.18026e+07
2.16083e+07
2.16084e+07
2.16085e+07
2.16087e+07
2.1609e+07
2.16093e+07
2.16097e+07
2.16102e+07
2.16108e+07
2.16114e+07
2.16121e+07
2.1613e+07
2.16139e+07
2.1615e+07
2.16161e+07
2.16174e+07
2.16188e+07
2.16204e+07
2.16221e+07
2.16239e+07
2.1626e+07
2.16282e+07
2.16306e+07
2.16332e+07
2.16361e+07
2.16391e+07
2.16425e+07
2.16461e+07
2.16499e+07
2.16541e+07
2.16585e+07
2.16633e+07
2.16684e+07
2.16737e+07
2.16794e+07
2.16854e+07
2.16917e+07
2.16982e+07
2.17049e+07
2.17119e+07
2.17189e+07
2.17259e+07
2.17328e+07
2.17395e+07
2.17458e+07
2.17516e+07
2.17567e+07
2.17609e+07
2.1764e+07
2.1766e+07
2.17667e+07
2.1766e+07
2.17641e+07
2.1761e+07
2.17568e+07
2.17518e+07
2.1746e+07
2.17398e+07
2.17331e+07
2.17262e+07
2.17192e+07
2.17123e+07
2.17054e+07
2.16987e+07
2.16923e+07
2.16861e+07
2.16801e+07
2.16745e+07
2.16692e+07
2.16642e+07
2.16594e+07
2.1655e+07
2.16509e+07
2.16471e+07
2.16436e+07
2.16403e+07
2.16372e+07
2.16344e+07
2.16318e+07
2.16295e+07
2.16273e+07
2.16253e+07
2.16234e+07
2.16218e+07
2.16202e+07
2.16189e+07
2.16176e+07
2.16165e+07
2.16155e+07
2.16146e+07
2.16138e+07
2.16131e+07
2.16125e+07
2.16119e+07
2.16115e+07
2.16111e+07
2.16108e+07
2.16106e+07
2.16105e+07
2.16104e+07
2.14162e+07
2.14163e+07
2.14164e+07
2.14166e+07
2.14168e+07
2.14171e+07
2.14175e+07
2.1418e+07
2.14185e+07
2.1419e+07
2.14197e+07
2.14205e+07
2.14213e+07
2.14222e+07
2.14233e+07
2.14244e+07
2.14257e+07
2.14271e+07
2.14286e+07
2.14303e+07
2.14321e+07
2.14341e+07
2.14362e+07
2.14386e+07
2.14411e+07
2.14439e+07
2.14468e+07
2.145e+07
2.14535e+07
2.14571e+07
2.14611e+07
2.14653e+07
2.14697e+07
2.14745e+07
2.14794e+07
2.14847e+07
2.14901e+07
2.14958e+07
2.15016e+07
2.15075e+07
2.15135e+07
2.15194e+07
2.15253e+07
2.15309e+07
2.15362e+07
2.1541e+07
2.15451e+07
2.15486e+07
2.15511e+07
2.15527e+07
2.15532e+07
2.15527e+07
2.15512e+07
2.15487e+07
2.15453e+07
2.15411e+07
2.15364e+07
2.15311e+07
2.15256e+07
2.15198e+07
2.15138e+07
2.15079e+07
2.1502e+07
2.14962e+07
2.14906e+07
2.14852e+07
2.14801e+07
2.14751e+07
2.14705e+07
2.1466e+07
2.14619e+07
2.1458e+07
2.14543e+07
2.1451e+07
2.14478e+07
2.14449e+07
2.14422e+07
2.14397e+07
2.14373e+07
2.14352e+07
2.14333e+07
2.14315e+07
2.14298e+07
2.14283e+07
2.1427e+07
2.14257e+07
2.14246e+07
2.14236e+07
2.14227e+07
2.14219e+07
2.14212e+07
2.14205e+07
2.142e+07
2.14195e+07
2.14191e+07
2.14188e+07
2.14185e+07
2.14183e+07
2.14182e+07
2.14181e+07
2.12241e+07
2.12242e+07
2.12243e+07
2.12245e+07
2.12247e+07
2.12249e+07
2.12253e+07
2.12257e+07
2.12261e+07
2.12266e+07
2.12272e+07
2.12279e+07
2.12286e+07
2.12294e+07
2.12303e+07
2.12314e+07
2.12325e+07
2.12337e+07
2.1235e+07
2.12365e+07
2.12381e+07
2.12398e+07
2.12417e+07
2.12438e+07
2.1246e+07
2.12484e+07
2.1251e+07
2.12538e+07
2.12568e+07
2.126e+07
2.12634e+07
2.1267e+07
2.12709e+07
2.12749e+07
2.12792e+07
2.12837e+07
2.12884e+07
2.12932e+07
2.12981e+07
2.13031e+07
2.13082e+07
2.13131e+07
2.1318e+07
2.13227e+07
2.1327e+07
2.13309e+07
2.13343e+07
2.13371e+07
2.13392e+07
2.13405e+07
2.13409e+07
2.13405e+07
2.13392e+07
2.13372e+07
2.13345e+07
2.13311e+07
2.13272e+07
2.13229e+07
2.13182e+07
2.13134e+07
2.13085e+07
2.13035e+07
2.12985e+07
2.12936e+07
2.12888e+07
2.12842e+07
2.12798e+07
2.12755e+07
2.12715e+07
2.12677e+07
2.12641e+07
2.12607e+07
2.12575e+07
2.12546e+07
2.12518e+07
2.12493e+07
2.12469e+07
2.12447e+07
2.12427e+07
2.12408e+07
2.12391e+07
2.12375e+07
2.12361e+07
2.12348e+07
2.12336e+07
2.12325e+07
2.12315e+07
2.12306e+07
2.12298e+07
2.12291e+07
2.12285e+07
2.12279e+07
2.12274e+07
2.1227e+07
2.12266e+07
2.12263e+07
2.12261e+07
2.12259e+07
2.12258e+07
2.12258e+07
2.1032e+07
2.10321e+07
2.10322e+07
2.10323e+07
2.10325e+07
2.10327e+07
2.1033e+07
2.10333e+07
2.10337e+07
2.10341e+07
2.10346e+07
2.10352e+07
2.10358e+07
2.10366e+07
2.10373e+07
2.10382e+07
2.10392e+07
2.10402e+07
2.10414e+07
2.10426e+07
2.1044e+07
2.10455e+07
2.10471e+07
2.10488e+07
2.10507e+07
2.10528e+07
2.1055e+07
2.10573e+07
2.10599e+07
2.10626e+07
2.10655e+07
2.10686e+07
2.10718e+07
2.10752e+07
2.10788e+07
2.10826e+07
2.10865e+07
2.10905e+07
2.10946e+07
2.10987e+07
2.11029e+07
2.1107e+07
2.1111e+07
2.11148e+07
2.11183e+07
2.11214e+07
2.11242e+07
2.11264e+07
2.11281e+07
2.11291e+07
2.11294e+07
2.11291e+07
2.11281e+07
2.11265e+07
2.11243e+07
2.11216e+07
2.11184e+07
2.11149e+07
2.11112e+07
2.11072e+07
2.11032e+07
2.1099e+07
2.10949e+07
2.10909e+07
2.10869e+07
2.1083e+07
2.10793e+07
2.10757e+07
2.10723e+07
2.10691e+07
2.10661e+07
2.10632e+07
2.10605e+07
2.1058e+07
2.10557e+07
2.10535e+07
2.10515e+07
2.10496e+07
2.10479e+07
2.10463e+07
2.10448e+07
2.10435e+07
2.10422e+07
2.10411e+07
2.10401e+07
2.10392e+07
2.10383e+07
2.10375e+07
2.10369e+07
2.10362e+07
2.10357e+07
2.10352e+07
2.10348e+07
2.10344e+07
2.10341e+07
2.10339e+07
2.10337e+07
2.10336e+07
2.10335e+07
2.10334e+07
2.08399e+07
2.08399e+07
2.084e+07
2.08401e+07
2.08402e+07
2.08404e+07
2.08407e+07
2.08409e+07
2.08413e+07
2.08416e+07
2.0842e+07
2.08425e+07
2.0843e+07
2.08436e+07
2.08443e+07
2.0845e+07
2.08458e+07
2.08466e+07
2.08476e+07
2.08486e+07
2.08497e+07
2.0851e+07
2.08523e+07
2.08538e+07
2.08553e+07
2.0857e+07
2.08588e+07
2.08607e+07
2.08628e+07
2.08651e+07
2.08674e+07
2.08699e+07
2.08726e+07
2.08754e+07
2.08783e+07
2.08814e+07
2.08845e+07
2.08877e+07
2.0891e+07
2.08944e+07
2.08977e+07
2.0901e+07
2.09041e+07
2.09071e+07
2.09099e+07
2.09124e+07
2.09146e+07
2.09163e+07
2.09176e+07
2.09184e+07
2.09187e+07
2.09184e+07
2.09176e+07
2.09164e+07
2.09146e+07
2.09125e+07
2.091e+07
2.09073e+07
2.09043e+07
2.09012e+07
2.08979e+07
2.08946e+07
2.08913e+07
2.0888e+07
2.08848e+07
2.08817e+07
2.08787e+07
2.08758e+07
2.0873e+07
2.08704e+07
2.08679e+07
2.08656e+07
2.08634e+07
2.08613e+07
2.08594e+07
2.08576e+07
2.08559e+07
2.08544e+07
2.0853e+07
2.08517e+07
2.08504e+07
2.08493e+07
2.08483e+07
2.08474e+07
2.08465e+07
2.08458e+07
2.08451e+07
2.08444e+07
2.08439e+07
2.08434e+07
2.08429e+07
2.08425e+07
2.08422e+07
2.08419e+07
2.08416e+07
2.08414e+07
2.08412e+07
2.08411e+07
2.0841e+07
2.0841e+07
2.06477e+07
2.06477e+07
2.06478e+07
2.06479e+07
2.0648e+07
2.06481e+07
2.06483e+07
2.06485e+07
2.06488e+07
2.06491e+07
2.06494e+07
2.06498e+07
2.06502e+07
2.06506e+07
2.06511e+07
2.06517e+07
2.06523e+07
2.0653e+07
2.06537e+07
2.06546e+07
2.06554e+07
2.06564e+07
2.06574e+07
2.06586e+07
2.06598e+07
2.06611e+07
2.06625e+07
2.0664e+07
2.06657e+07
2.06674e+07
2.06692e+07
2.06712e+07
2.06732e+07
2.06754e+07
2.06777e+07
2.068e+07
2.06825e+07
2.06849e+07
2.06875e+07
2.069e+07
2.06926e+07
2.06951e+07
2.06975e+07
2.06997e+07
2.07018e+07
2.07037e+07
2.07053e+07
2.07067e+07
2.07076e+07
2.07082e+07
2.07084e+07
2.07082e+07
2.07076e+07
2.07067e+07
2.07054e+07
2.07038e+07
2.07019e+07
2.06999e+07
2.06976e+07
2.06952e+07
2.06927e+07
2.06902e+07
2.06877e+07
2.06852e+07
2.06827e+07
2.06803e+07
2.0678e+07
2.06757e+07
2.06736e+07
2.06715e+07
2.06696e+07
2.06678e+07
2.06661e+07
2.06645e+07
2.0663e+07
2.06616e+07
2.06603e+07
2.06591e+07
2.0658e+07
2.06569e+07
2.0656e+07
2.06551e+07
2.06543e+07
2.06536e+07
2.06529e+07
2.06523e+07
2.06518e+07
2.06513e+07
2.06508e+07
2.06504e+07
2.06501e+07
2.06498e+07
2.06495e+07
2.06493e+07
2.06491e+07
2.06489e+07
2.06488e+07
2.06487e+07
2.06486e+07
2.06486e+07
2.04555e+07
2.04555e+07
2.04556e+07
2.04556e+07
2.04557e+07
2.04558e+07
2.0456e+07
2.04561e+07
2.04563e+07
2.04565e+07
2.04567e+07
2.0457e+07
2.04573e+07
2.04576e+07
2.0458e+07
2.04584e+07
2.04588e+07
2.04593e+07
2.04599e+07
2.04604e+07
2.04611e+07
2.04618e+07
2.04625e+07
2.04633e+07
2.04642e+07
2.04651e+07
2.04662e+07
2.04672e+07
2.04684e+07
2.04696e+07
2.04709e+07
2.04723e+07
2.04738e+07
2.04754e+07
2.0477e+07
2.04786e+07
2.04804e+07
2.04821e+07
2.04839e+07
2.04857e+07
2.04875e+07
2.04893e+07
2.04909e+07
2.04925e+07
2.0494e+07
2.04953e+07
2.04965e+07
2.04974e+07
2.0498e+07
2.04984e+07
2.04986e+07
2.04985e+07
2.04981e+07
2.04974e+07
2.04965e+07
2.04954e+07
2.04941e+07
2.04926e+07
2.0491e+07
2.04894e+07
2.04876e+07
2.04859e+07
2.04841e+07
2.04823e+07
2.04805e+07
2.04788e+07
2.04772e+07
2.04756e+07
2.0474e+07
2.04726e+07
2.04712e+07
2.04699e+07
2.04687e+07
2.04675e+07
2.04665e+07
2.04655e+07
2.04645e+07
2.04637e+07
2.04629e+07
2.04621e+07
2.04615e+07
2.04608e+07
2.04603e+07
2.04597e+07
2.04593e+07
2.04588e+07
2.04584e+07
2.04581e+07
2.04578e+07
2.04575e+07
2.04572e+07
2.0457e+07
2.04568e+07
2.04566e+07
2.04565e+07
2.04564e+07
2.04563e+07
2.04562e+07
2.04562e+07
2.04561e+07
2.02633e+07
2.02633e+07
2.02634e+07
2.02634e+07
2.02634e+07
2.02635e+07
2.02636e+07
2.02637e+07
2.02638e+07
2.02639e+07
2.02641e+07
2.02642e+07
2.02644e+07
2.02646e+07
2.02648e+07
2.02651e+07
2.02653e+07
2.02656e+07
2.02659e+07
2.02663e+07
2.02667e+07
2.02671e+07
2.02675e+07
2.0268e+07
2.02686e+07
2.02691e+07
2.02697e+07
2.02704e+07
2.02711e+07
2.02718e+07
2.02726e+07
2.02734e+07
2.02743e+07
2.02752e+07
2.02762e+07
2.02772e+07
2.02782e+07
2.02793e+07
2.02804e+07
2.02814e+07
2.02825e+07
2.02835e+07
2.02845e+07
2.02855e+07
2.02864e+07
2.02871e+07
2.02878e+07
2.02883e+07
2.02887e+07
2.0289e+07
2.02891e+07
2.0289e+07
2.02887e+07
2.02884e+07
2.02878e+07
2.02872e+07
2.02864e+07
2.02855e+07
2.02846e+07
2.02836e+07
2.02826e+07
2.02815e+07
2.02805e+07
2.02794e+07
2.02783e+07
2.02773e+07
2.02763e+07
2.02754e+07
2.02745e+07
2.02736e+07
2.02728e+07
2.0272e+07
2.02713e+07
2.02706e+07
2.02699e+07
2.02693e+07
2.02688e+07
2.02682e+07
2.02678e+07
2.02673e+07
2.02669e+07
2.02665e+07
2.02662e+07
2.02659e+07
2.02656e+07
2.02653e+07
2.02651e+07
2.02649e+07
2.02647e+07
2.02645e+07
2.02644e+07
2.02642e+07
2.02641e+07
2.0264e+07
2.02639e+07
2.02638e+07
2.02638e+07
2.02637e+07
2.02637e+07
2.02637e+07
2.00711e+07
2.00711e+07
2.00712e+07
2.00712e+07
2.00712e+07
2.00712e+07
2.00712e+07
2.00713e+07
2.00713e+07
2.00713e+07
2.00714e+07
2.00714e+07
2.00715e+07
2.00716e+07
2.00716e+07
2.00717e+07
2.00718e+07
2.00719e+07
2.0072e+07
2.00721e+07
2.00723e+07
2.00724e+07
2.00726e+07
2.00727e+07
2.00729e+07
2.00731e+07
2.00733e+07
2.00735e+07
2.00737e+07
2.0074e+07
2.00742e+07
2.00745e+07
2.00748e+07
2.00751e+07
2.00754e+07
2.00758e+07
2.00761e+07
2.00765e+07
2.00768e+07
2.00772e+07
2.00775e+07
2.00779e+07
2.00782e+07
2.00785e+07
2.00788e+07
2.00791e+07
2.00793e+07
2.00795e+07
2.00796e+07
2.00797e+07
2.00797e+07
2.00797e+07
2.00796e+07
2.00795e+07
2.00793e+07
2.00791e+07
2.00788e+07
2.00785e+07
2.00782e+07
2.00779e+07
2.00776e+07
2.00772e+07
2.00769e+07
2.00765e+07
2.00762e+07
2.00758e+07
2.00755e+07
2.00752e+07
2.00749e+07
2.00746e+07
2.00743e+07
2.0074e+07
2.00738e+07
2.00736e+07
2.00733e+07
2.00731e+07
2.0073e+07
2.00728e+07
2.00726e+07
2.00725e+07
2.00723e+07
2.00722e+07
2.00721e+07
2.0072e+07
2.00719e+07
2.00718e+07
2.00717e+07
2.00717e+07
2.00716e+07
2.00715e+07
2.00715e+07
2.00714e+07
2.00714e+07
2.00714e+07
2.00713e+07
2.00713e+07
2.00713e+07
2.00713e+07
2.00713e+07
2.00713e+07
)
;

boundaryField
{
    left
    {
        type            noFlux;
        gradient        uniform 0;
        value           nonuniform List<scalar> 
50
(
2.94089e+07
2.92457e+07
2.90705e+07
2.88868e+07
2.86976e+07
2.85052e+07
2.83114e+07
2.81173e+07
2.79236e+07
2.77306e+07
2.75382e+07
2.73463e+07
2.71548e+07
2.69635e+07
2.67723e+07
2.65813e+07
2.63904e+07
2.61995e+07
2.60086e+07
2.58178e+07
2.5627e+07
2.54361e+07
2.52453e+07
2.50544e+07
2.48635e+07
2.46725e+07
2.44815e+07
2.42905e+07
2.40993e+07
2.39081e+07
2.37169e+07
2.35256e+07
2.33342e+07
2.31427e+07
2.29511e+07
2.27595e+07
2.25678e+07
2.2376e+07
2.21842e+07
2.19923e+07
2.18003e+07
2.16083e+07
2.14162e+07
2.12241e+07
2.1032e+07
2.08399e+07
2.06477e+07
2.04555e+07
2.02633e+07
2.00711e+07
)
;
    }
    right
    {
        type            noFlux;
        gradient        uniform 0;
        value           nonuniform List<scalar> 
50
(
2.94142e+07
2.9251e+07
2.90757e+07
2.88921e+07
2.87029e+07
2.85105e+07
2.83167e+07
2.81226e+07
2.79289e+07
2.77358e+07
2.75435e+07
2.73516e+07
2.716e+07
2.69687e+07
2.67776e+07
2.65866e+07
2.63956e+07
2.62047e+07
2.60138e+07
2.58229e+07
2.56321e+07
2.54412e+07
2.52503e+07
2.50593e+07
2.48683e+07
2.46773e+07
2.44862e+07
2.4295e+07
2.41038e+07
2.39125e+07
2.37211e+07
2.35296e+07
2.3338e+07
2.31464e+07
2.29547e+07
2.27628e+07
2.2571e+07
2.2379e+07
2.21869e+07
2.19948e+07
2.18026e+07
2.16104e+07
2.14181e+07
2.12258e+07
2.10334e+07
2.0841e+07
2.06486e+07
2.04561e+07
2.02637e+07
2.00713e+07
)
;
    }
    top
    {
        type            submarinePressure;
        rhoValue_       1013;
        value           uniform 1.99751e+07;
    }
    bottom
    {
        type            noFlux;
        gradient        nonuniform List<scalar> 
100
(
7358.91
7358.89
7358.87
7358.82
7358.75
7358.65
7358.49
7358.26
7357.93
7357.44
7356.72
7355.7
7354.25
7352.19
7349.32
7345.35
7339.89
7332.49
7322.54
7309.28
7291.78
7268.9
7239.23
7201.07
7152.33
7090.49
7012.43
6914.2
6790.71
6635.07
6437.34
6181.64
5839.01
5341.56
4452.45
2631.03
1849.6
1533.66
1347.89
1220.27
1125.68
1052.55
994.603
948.257
911.063
881.383
858.498
841.663
830.359
824.243
825.253
831.586
842.64
858.834
881.34
911.064
948.447
994.783
1052.64
1125.83
1220.43
1348.09
1533.94
1850.1
2632.32
4453.23
5341.88
5839.21
6181.79
6437.46
6635.18
6790.81
6914.29
7012.51
7090.58
7152.41
7201.15
7239.31
7268.98
7291.86
7309.36
7322.62
7332.57
7339.97
7345.42
7349.4
7352.27
7354.32
7355.78
7356.8
7357.51
7358
7358.34
7358.57
7358.72
7358.83
7358.9
7358.94
7358.97
7358.99
)
;
        value           nonuniform List<scalar> 
100
(
2.94825e+07
2.94824e+07
2.94821e+07
2.94816e+07
2.9481e+07
2.94802e+07
2.94793e+07
2.94782e+07
2.94769e+07
2.94755e+07
2.94739e+07
2.94721e+07
2.94701e+07
2.94679e+07
2.94655e+07
2.9463e+07
2.94601e+07
2.9457e+07
2.94537e+07
2.94501e+07
2.94461e+07
2.94418e+07
2.94371e+07
2.94319e+07
2.94263e+07
2.94202e+07
2.94135e+07
2.94061e+07
2.9398e+07
2.93891e+07
2.93793e+07
2.93683e+07
2.93559e+07
2.93414e+07
2.93223e+07
2.92933e+07
2.9274e+07
2.92585e+07
2.92434e+07
2.92279e+07
2.92113e+07
2.91936e+07
2.9174e+07
2.91549e+07
2.9133e+07
2.91042e+07
2.90768e+07
2.90498e+07
2.90219e+07
2.89921e+07
2.90226e+07
2.90584e+07
2.90779e+07
2.90852e+07
2.91032e+07
2.9134e+07
2.916e+07
2.91783e+07
2.91957e+07
2.92142e+07
2.92304e+07
2.92461e+07
2.92613e+07
2.9277e+07
2.92966e+07
2.93259e+07
2.93452e+07
2.936e+07
2.93725e+07
2.93837e+07
2.93936e+07
2.94026e+07
2.94108e+07
2.94183e+07
2.94251e+07
2.94312e+07
2.94369e+07
2.94421e+07
2.94468e+07
2.94512e+07
2.94552e+07
2.94588e+07
2.94622e+07
2.94653e+07
2.94682e+07
2.94708e+07
2.94731e+07
2.94753e+07
2.94773e+07
2.94791e+07
2.94807e+07
2.94821e+07
2.94834e+07
2.94845e+07
2.94855e+07
2.94862e+07
2.94868e+07
2.94873e+07
2.94876e+07
2.94878e+07
)
;
    }
    frontAndBack
    {
        type            empty;
    }
}


// ************************************************************************* //
